[0, 1388.0711365524905]
[1, 1590.4947290851592]
[2, 468.61378090391526]
[3, 469.52053732611876]
[4, 468.77119782115858]
[5, 469.22856679074704]
[6, 939.52886769440647]
[7, 952.00415057082512]
[8, 1417.534053144977]
[9, 1438.3907303834255]
[10, 1440.3848753750931]
[11, 960.51847557005408]
[12, 964.14581446491638]
[13, 1441.9634893957914]
[14, 1359.8158302454237]
[15, 1441.0581941465834]
[16, 1440.6845972105129]
[17, 1360.0706584506315]
[18, 960.76384948827365]
[19, 1435.7716706453789]
[20, 1438.132713782788]
[21, 1441.608527290118]
[22, 1436.5419737666739]
[23, 1429.6610496464964]
[24, 1438.1092474624218]
[25, 1314.9815132155773]
[26, 1318.032463075062]
[27, 1477.69631338566]
[28, 1479.3904872754608]
[29, 1311.2751063636897]
[30, 1872.2809038013149]
[31, 523.19732248594948]
[32, 1317.0086696801807]
[33, 1316.7464844945009]
[34, 526.83667410061673]
[35, 1319.9448750374622]
[36, 1314.1110043294962]
[37, 1480.3143968407494]
[38, 1481.1294594832079]
[39, 1314.4045097918809]
[40, 536.18774999381071]
[41, 1478.3354245689304]
[42, 1477.1145393269217]
[43, 1317.4962194903128]
[44, 1432.8784540485703]
[45, 1430.8160040643786]
[46, 1447.4241480362709]
[47, 1440.6555452372884]
[48, 1436.8581119784524]
[49, 1433.932778172345]
[50, 1623.5374957632257]
[51, 615.95445806937482]
[52, 600.14956727455115]
[53, 615.67008494478591]
[54, 617.46232989063458]
[55, 615.85062361807547]
[56, 611.12438651291166]
[57, 578.83790495118171]
[58, 585.4180214278224]
[59, 585.12788373143553]
[60, 583.16671204585123]
[61, 586.60786679459807]
[62, 596.71950589551636]
[63, 582.00425204022849]
[64, 681.61911212733628]
[65, 588.25067580562154]
[66, 583.86081286067736]
[67, 687.20923117095197]
[68, 690.39880465483827]
[69, 687.16991427580206]
[70, 689.8994337952754]
[71, 688.57696190532704]
[72, 688.99104882161873]
[73, 1818.8597857859625]
[74, 1612.2075870024771]
[75, 585.17793602105928]
[76, 584.96888526641646]
[77, 582.5706847490053]
[78, 583.26032567906498]
[79, 584.46666069499793]
[80, 578.97106773986093]
[81, 585.34590203298876]
[82, 584.40068433350757]
[83, 584.664875001528]
[84, 584.62499474337142]
[85, 585.31341365448964]
[86, 586.85450187839547]
[87, 585.28519627063156]
[88, 587.23811158567435]
[89, 786.63163073593876]
[90, 786.77819603831222]
[91, 786.90164892200119]
[92, 785.47652083932883]
[93, 470.75229951178693]
[94, 468.2939327677413]
[95, 469.08129382416138]
[96, 786.6706956800416]
[97, 786.50228821160761]
[98, 786.38864754889551]
[99, 1391.5561322625745]
[100, 581.63034822765462]
[101, 585.15149459049121]
[102, 583.02989525383066]
[103, 585.54174239908673]
[104, 583.86527787205034]
[105, 1427.6353519081863]
[106, 737.91197311804854]
[107, 735.39477968916049]
[108, 582.77927100483305]
[109, 583.60121303212384]
[110, 584.72624773234611]
[111, 585.62256031188963]
[112, 583.13106725080706]
[113, 741.77481526917302]
[114, 787.19720509504396]
[115, 581.67647548473064]
[116, 584.13112664759944]
[117, 1452.4295240182958]
[118, 1438.4570763691477]
[119, 772.87220316685409]
[120, 1437.9220476410592]
[121, 1442.8390148563026]
[122, 1437.6589544405674]
[123, 1642.0613581153252]
[124, 1597.1812545035207]
[125, 1477.7077261123463]
[126, 742.43602821056993]
[127, 1476.715021132884]
[128, 651.90320595904382]
[129, 657.44579646118279]
[130, 1308.7484884099592]
[131, 521.62983038206301]
[132, 738.30445740386972]
[133, 679.5818471928236]
[134, 1407.4602450274006]
[135, 1394.2817858247463]
[136, 1396.1954748671092]
[137, 739.11564280243419]
[138, 663.13459995562891]
[139, 1408.94574204623]
[140, 1318.6113489931656]
[141, 1411.8433354967449]
[142, 1410.0278140300543]
[143, 1391.7675185126288]
[144, 1376.391106233739]
[145, 1385.1039847825919]
[146, 1397.5786196914305]
[147, 1434.7453076727541]
[148, 1398.1500218299243]
[149, 1397.733803947584]
[150, 1400.4959145962414]
[151, 586.48789062346373]
[152, 1425.8359523260979]
[153, 1393.1555483028635]
[154, 1448.3882809330119]
[155, 1394.4791243777233]
[156, 1390.4503342011308]
[157, 1417.7075280896929]
[158, 1428.2570238497265]
[159, 1388.0030154333554]
[160, 1611.0015419890997]
[161, 1867.5360592627519]
[162, 1808.410552725255]
[163, 1775.2626551431351]
[164, 1465.5165547143208]
[165, 1753.3728281870447]
[166, 1771.945506788348]
[167, 1484.6380869447437]
[168, 1459.1321592803326]
[169, 1463.2950928082337]
[170, 1467.8866160711684]
[171, 1468.6491192624446]
[172, 578.75046356118298]
[173, 1625.1776874380962]
[174, 1472.6363212320405]
[175, 585.73316857048746]
[176, 585.51640057880377]
[177, 584.06062565498416]
[178, 1616.3575926788624]
[179, 1638.4107147159377]
[180, 1627.1947952680885]
[181, 1630.208229227185]
[182, 1633.968875444363]
[183, 1620.3895521692984]
[184, 1893.7937616034062]
[185, 1940.6572716096662]
[186, 1966.4107421777742]
[187, 1952.2003306349627]
[188, 1765.184013880066]
[189, 1764.1603983670375]
[190, 1744.7505133280124]
[191, 1818.5152412613568]
[192, 1711.4638563187257]
[193, 2495.1804702037234]
[194, 469.96300455247314]
[195, 787.3093979551702]
[196, 786.36835158775136]
[197, 1384.7248245951505]
[198, 1660.9701023543846]
[199, 468.48047916355887]
[200, 469.34555520299324]
[201, 469.22850627346645]
[202, 468.99865968975661]
[203, 1356.7010090832605]
[204, 1675.2687314204352]
[205, 1984.7622397241419]
[206, 1688.7975470371152]
[207, 665.29216985523067]
[208, 1680.4965629277772]
[209, 742.45217815580929]
[210, 1442.8247856854111]
[211, 739.62901682097754]
[212, 738.70441454838851]
[213, 740.09736046261207]
[214, 740.03469253309117]
[215, 1886.770806851421]
[216, 1073.4573290696082]
[217, 1810.2884925209805]
[218, 1778.9850198874874]
[219, 1448.9022929822081]
[220, 1372.0724828340378]
[221, 1439.9640224957238]
[222, 1305.9159683505591]
[223, 1309.5224241123042]
[224, 765.91468432855322]
[225, 263.45294389297862]
[226, 260.48938935554196]
[227, 1304.4871133743593]
[228, 1301.8216255745065]
[229, 1423.9838778564201]
[230, 1475.6749583948188]
[231, 1473.7379163589433]
[232, 1473.9648613163017]
[233, 1475.3535750210954]
[234, 1062.1457798699134]
[235, 1422.1141450354655]
[236, 618.15725186672933]
[237, 1261.5501606446278]
[238, 1245.9480631375245]
[239, 1545.7370077433645]
[240, 1571.2183413865637]
[241, 605.88688093344899]
[242, 595.99815795749885]
[243, 2355.2044517752051]
[244, 2054.310185345385]
[245, 1436.0354156664871]
[246, 676.88042838448064]
[247, 1604.3719514146899]
[248, 1856.6789773405621]
[249, 789.54845140088241]
[250, 1816.00995553968]
[251, 613.12871292917498]
[252, 617.49087034850515]
[253, 607.3594963459949]
[254, 1393.4724988787295]
[255, 1388.9227447871153]
[256, 1403.5290634188918]
[257, 1379.1304264595728]
[258, 1371.9392339809092]
[259, 1402.3248350277272]
[260, 1688.5168513417514]
[261, 1793.604449127399]
[262, 1712.8226173383873]
[263, 1762.5350311099376]
[264, 1765.1202153858972]
[265, 1760.6842566484706]
[266, 1767.5779899416077]
[267, 1471.6813566124549]
[268, 1474.7686907406583]
[269, 1472.5831786850972]
[270, 1474.8602430410131]
[271, 1774.9822495827589]
[272, 803.05009514218807]
[273, 585.15556298001286]
[274, 1637.3112420696671]
[275, 1634.8993567698212]
[276, 1626.6945721028703]
[277, 1617.9224681696855]
[278, 1627.4726422023507]
[279, 1625.3000449079523]
[280, 1623.7768113091279]
[281, 1632.1871667230289]
[282, 1639.3231592957104]
[283, 1700.8622455562631]
[284, 584.64823043602723]
[285, 1975.9383639873613]
[286, 1951.0627869692646]
[287, 1772.835099538757]
[288, 1753.3310802130054]
[289, 1675.9581170880506]
[290, 2510.0742142895206]
[291, 468.72865697257492]
[292, 468.90158365825647]
[293, 787.20299721042397]
[294, 785.56637288821696]
[295, 469.9488762800591]
[296, 1640.4526838565569]
[297, 580.4053578167626]
[298, 585.49425456088079]
[299, 584.79214308057976]
[300, 582.00251574229083]
[301, 582.79459812111236]
[302, 1459.9944923908286]
[303, 681.05335664828044]
[304, 1781.3771960343956]
[305, 1475.4970639556261]
[306, 1443.1809894996736]
[307, 1425.126968694985]
[308, 1463.487865963099]
[309, 1445.8693922388752]
[310, 1463.9279715663406]
[311, 1390.2083822236216]
[312, 1454.9888428780839]
[313, 1463.1341082856807]
[314, 1301.8101120063118]
[315, 1439.2083380835704]
[316, 3224.7384540386965]
[317, 1328.6127612647583]
[318, 1440.5147518443951]
[319, 1439.6951762028382]
[320, 1409.013909344781]
[321, 1582.4504801814121]
[322, 1567.7104231274584]
[323, 1608.7543914999596]
[324, 574.85346177010649]
[325, 1874.5955451173359]
[326, 525.65464304498289]
[327, 1441.744233572645]
[328, 2382.7827855025935]
[329, 2355.4922746340453]
[330, 2355.3608334861819]
[331, 278.64238806965551]
[332, 255.1227482987494]
[333, 619.04557173886076]
[334, 1878.4959155247986]
[335, 1880.9267491525241]
[336, 2185.5692927594309]
[337, 2510.4119928553037]
[338, 650.41963339136294]
[339, 1444.529441500247]
[340, 280.8884638489713]
[341, 582.07833911987598]
[342, 581.60336713129618]
[343, 581.13767830098379]
[344, 2678.555020301651]
[345, 2612.6027254717001]
[346, 580.46996722497647]
[347, 589.0829935459974]
[348, 587.51901939447043]
[349, 584.0395778760485]
[350, 580.6480093903873]
[351, 1312.4779675379034]
[352, 2103.713607324366]
[353, 707.85185736969493]
[354, 680.67872210123528]
[355, 1851.970035718419]
[356, 1827.6029435874332]
[357, 1811.5059807272075]
[358, 731.72923288098775]
[359, 1942.4170755022187]
[360, 1795.568674352048]
[361, 1754.1842578787716]
[362, 1745.5119174518354]
[363, 1461.5144066271992]
[364, 1465.4572723267515]
[365, 1478.4860300466707]
[366, 1474.03375202604]
[367, 1467.0447367982933]
[368, 1456.7254784408142]
[369, 1760.4914425301381]
[370, 1678.7815280764069]
[371, 1676.3534477715841]
[372, 1653.3450685165478]
[373, 1664.956914729979]
[374, 1651.6134520754533]
[375, 1900.6841290899163]
[376, 1564.2021482698121]
[377, 1710.1305601043005]
[378, 1584.2702418243973]
[379, 1670.8700566083069]
[380, 1671.0008910558163]
[381, 1851.0616394748988]
[382, 1725.9852257188463]
[383, 1558.8425896892165]
[384, 1387.1727171773146]
[385, 1577.3793770527402]
[386, 1749.0966369068638]
[387, 1583.0464697519062]
[388, 2558.9579216676539]
[389, 1630.0464728160673]
[390, 468.97065054484671]
[391, 1704.6426209771269]
[392, 787.32976642584208]
[393, 1375.8855520025875]
[394, 1373.5606030855693]
[395, 1648.1577484060724]
[396, 468.68194745029308]
[397, 469.19399387090868]
[398, 469.3575194691897]
[399, 469.28386177718426]
[400, 1510.1210306585915]
[401, 1417.8420082830114]
[402, 1438.4651415565206]
[403, 1500.0979275819222]
[404, 1441.6082775816049]
[405, 960.19824569085279]
[406, 1439.5100190652886]
[407, 1441.8191449254311]
[408, 739.11270652611563]
[409, 741.05779226974983]
[410, 961.2316291408298]
[411, 1374.4073416407477]
[412, 1475.1026690994577]
[413, 1448.0925306921733]
[414, 1474.9343887750349]
[415, 1482.839495688057]
[416, 1443.535749282853]
[417, 1328.2048021822832]
[418, 1319.160005059673]
[419, 1638.5961573225784]
[420, 1329.7172520153244]
[421, 1332.9694037093898]
[422, 1328.2601594858613]
[423, 1482.5395633311584]
[424, 1364.8281596635909]
[425, 1461.3457200580979]
[426, 1485.9593483292492]
[427, 1477.0120843803045]
[428, 1468.5092519632769]
[429, 1476.6446472463224]
[430, 1390.4858799222231]
[431, 1116.9168397629387]
[432, 615.06509884374032]
[433, 936.71360343489062]
[434, 935.8446099684935]
[435, 932.06418415483381]
[436, 1578.7891311702645]
[437, 612.37727914667721]
[438, 597.1507527042138]
[439, 2042.9277886846457]
[440, 1716.5252704245524]
[441, 1765.375534599523]
[442, 1433.5020173395651]
[443, 680.01348651621936]
[444, 1574.1407624661742]
[445, 1858.6663749760778]
[446, 1835.3194469278851]
[447, 1818.211593314935]
[448, 615.14528281471894]
[449, 620.84563486631487]
[450, 1584.686922887123]
[451, 1402.9736389325378]
[452, 1396.8774416408598]
[453, 1405.9610191915644]
[454, 1389.8981835534209]
[455, 1360.7441512433431]
[456, 1421.2956836774717]
[457, 1612.3898768549359]
[458, 1730.7241230252432]
[459, 1764.6989497625548]
[460, 1765.6568518586084]
[461, 1771.7168539022271]
[462, 1737.7052054498022]
[463, 1793.310311205488]
[464, 1640.4643697319279]
[465, 1394.3827751683762]
[466, 1622.390393802043]
[467, 1652.4132416048062]
[468, 2410.3935235161857]
[469, 1614.4678508177801]
[470, 1702.4871287540832]
[471, 586.18335006308359]
[472, 584.32125755238155]
[473, 584.53414192221419]
[474, 1470.6580219271154]
[475, 607.30224604141767]
[476, 1724.279331848413]
[477, 1762.0482364875309]
[478, 595.9387447112905]
[479, 579.09211742806622]
[480, 586.66322455909653]
[481, 1573.2209993029117]
[482, 1310.8096734930218]
[483, 1315.2454052150485]
[484, 1324.5375688806982]
[485, 258.05424276066782]
[486, 1757.9484377123963]
[487, 1810.8071757953574]
[488, 1817.9797907774512]
[489, 1704.4872953572742]
[490, 1447.3042013652307]
[491, 1474.465843027682]
[492, 1493.5816654991584]
[493, 1628.3061873100178]
[494, 782.42309715849899]
[495, 1566.0298721086074]
[496, 1311.4720057366565]
[497, 1574.6072502525556]
[498, 1584.1130422010483]
[499, 1753.7450995433501]
[500, 1413.3033329596051]
[501, 464.58798694009624]
[502, 1427.996498651763]
[503, 1862.7024351955747]
[504, 1646.8700863612094]
[505, 1444.6290510184806]
[506, 1809.2200893841573]
[507, 1658.7149719799284]
[508, 1769.9379233446614]
[509, 1473.3630890163734]
[510, 1763.5397563914353]
[511, 1732.1816022545584]
[512, 1697.1490233611626]
[513, 1346.6453491996294]
[514, 1016.2756792450662]
[515, 1156.9368210494865]
[516, 1063.6485762894404]
[517, 759.20364261818054]
[518, 1126.783901143677]
[519, 760.09774242024787]
[520, 1165.7911194251667]
[521, 300.49376232230929]
[522, 5345.8489016796975]
[523, 1464.2841212865212]
[524, 660.87138513493937]
[525, 1407.1216990320781]
[526, 1411.3087468294966]
[527, 1396.39161186806]
[528, 1414.2046907166534]
[529, 1407.3139400540529]
[530, 1624.5378541428697]
[531, 1758.5340592061789]
[532, 1541.1741665117931]
[533, 1751.7353119327265]
[534, 1765.2919398048969]
[535, 1760.9678861225632]
[536, 1810.4040569612016]
[537, 1634.4922916950154]
[538, 1402.2965584262374]
[539, 1396.8511663172869]
[540, 1405.5750147099957]
[541, 1412.8567928043838]
[542, 934.4633523024612]
[543, 1571.4255938318415]
[544, 5342.2547135990735]
[545, 1765.5845687551714]
[546, 1751.3805189828129]
[547, 1759.7885124267584]
[548, 1604.0298978211113]
[549, 1419.6932388731761]
[550, 1639.4171068392843]
[551, 1637.0631593777132]
[552, 1630.5052378445914]
[553, 1407.1765366726459]
[554, 1944.9130470195989]
[555, 4376.3685005040234]
[556, 1571.3195946565204]
[557, 3509.1291949161405]
[558, 782.25552814976561]
[559, 1563.8396918942749]
[560, 1182.0012596720051]
[561, 789.55810082295034]
[562, 1190.1210465788349]
[563, 1561.7988662008286]
[564, 1564.0108104604046]
[565, 1566.5207747687978]
[566, 1573.2205614992931]
[567, 1468.2323312533849]
[568, 1472.8686699180882]
[569, 584.34235456805823]
[570, 583.25257484726376]
[571, 581.12783755414353]
[572, 591.5947553283961]
[573, 1788.7919021984651]
[574, 1752.782800296877]
[575, 601.6331805515365]
[576, 1749.9500052456669]
[577, 2053.993966787702]
[578, 1768.5940423934596]
[579, 1158.879959579054]
[580, 1806.6791709445586]
[581, 1569.2213709979396]
[582, 1867.2745889885102]
[583, 1876.311314875991]
[584, 613.95888415054549]
[585, 608.21630226770617]
[586, 4397.1416439841205]
[587, 4378.4174421851849]
[588, 1650.746408558771]
[589, 586.81934164809081]
[590, 471.24365155020183]
[591, 1370.720364464833]
[592, 1057.1986041652142]
[593, 782.40945499163649]
[594, 256.94843961398709]
[595, 471.38874518068775]
[596, 471.39884679440388]
[597, 1326.6311697134618]
[598, 1601.4485307460536]
[599, 1780.3223482494518]
[600, 3513.6175512100303]
[601, 4405.142859495536]
[602, 4454.852874313081]
[603, 2082.5739818501966]
[604, 1953.6109025335174]
[605, 4486.4964662911088]
[606, 1510.9178983986844]
[607, 1440.6566695047361]
[608, 1360.3170705232724]
[609, 1524.3874046533597]
[610, 1573.3610919204164]
[611, 1535.677312660792]
[612, 1525.2117252274688]
[613, 1451.5564954240317]
[614, 1431.5164218746263]
[615, 1435.5651201903052]
[616, 1633.1225141932296]
[617, 1119.4267038624937]
[618, 1481.2504551380632]
[619, 1481.3284983494736]
[620, 1306.0521381977962]
[621, 662.22293836630104]
[622, 1073.0247682369218]
[623, 1771.5850957996024]
[624, 1778.8237741407013]
[625, 1745.1842363113042]
[626, 2049.0140123728552]
[627, 2047.7274328235812]
[628, 2539.2343193184552]
[629, 2589.8992627550729]
[630, 2603.4861492970863]
[631, 4381.1548784275519]
[632, 2900.3705622361235]
[633, 1474.276091119606]
[634, 1322.6099655825367]
[635, 1788.8865977156634]
[636, 1766.3889402029943]
[637, 1744.1738586851679]
[638, 2066.6238583947015]
[639, 2066.2520062086646]
[640, 1367.7273109628106]
[641, 622.20283466918283]
[642, 2165.9927383093245]
[643, 2102.5764821193384]
[644, 617.79906309756791]
[645, 617.32350002476039]
[646, 624.39796403748801]
[647, 1584.8002619470856]
[648, 1673.3984028449577]
[649, 1518.7464882497479]
[650, 579.68675502271435]
[651, 1495.3922168495726]
[652, 1519.0138764654237]
[653, 1522.2703083015938]
[654, 696.39170657735076]
[655, 691.57949159861266]
[656, 3498.828110859823]
[657, 2370.8822108623094]
[658, 2380.907945870576]
[659, 5054.8381498154349]
[660, 5030.1519503979125]
[661, 5087.6674272331657]
[662, 1980.2703781978732]
[663, 790.07949075670479]
[664, 5087.5464009640309]
[665, 1772.021749373125]
[666, 1957.8954154705702]
[667, 1766.2709608361556]
[668, 2072.0092563253643]
[669, 1767.6254425892782]
[670, 1760.5736808299346]
[671, 590.56835387821116]
[672, 1476.8170121400583]
[673, 582.30667957908565]
[674, 1491.5669020851956]
[675, 1462.756578515834]
[676, 1470.9045614443962]
[677, 572.42844031269522]
[678, 1746.0562537011162]
[679, 1872.6032323313391]
[680, 1867.1505214575072]
[681, 932.09613697960913]
[682, 602.70434860950877]
[683, 1488.583544671382]
[684, 600.23820976211482]
[685, 293.11642587904049]
[686, 1712.9570107479749]
[687, 1477.5345361500047]
[688, 1469.3871799076005]
[689, 1505.3008267804971]
[690, 1598.7035042539251]
[691, 1382.808174650706]
[692, 582.42797289852172]
[693, 586.01435842913179]
[694, 784.70245735163394]
[695, 785.51495099414046]
[696, 1544.8149809664328]
[697, 1931.8324082391503]
[698, 594.29209326450859]
[699, 2062.6795221474486]
[700, 592.57559744909202]
[701, 2057.1848056915424]
[702, 1328.714506733472]
[703, 1038.545854268124]
[704, 1045.4316459391844]
[705, 1041.1217345335276]
[706, 1467.7824179882143]
[707, 1044.0384021437346]
[708, 763.77967484990643]
[709, 1336.9082982792947]
[710, 1483.3426767788433]
[711, 2051.414699098023]
[712, 2081.455849168758]
[713, 2053.2613372678929]
[714, 1599.4765139668236]
[715, 1325.1615202229375]
[716, 1477.4419168355289]
[717, 656.90344632579604]
[718, 660.67575903239447]
[719, 1311.1331121297883]
[720, 1387.3152500203184]
[721, 1447.7012255654327]
[722, 1428.269180308369]
[723, 1732.0873737427376]
[724, 1793.2305289613882]
[725, 1784.6723298463742]
[726, 2047.564284817767]
[727, 812.12940381456747]
[728, 1585.7579194144073]
[729, 1322.1333322764885]
[730, 1057.4168360023771]
[731, 659.21570995386401]
[732, 1315.2951527400603]
[733, 2571.9667405124101]
[734, 2432.0555138239561]
[735, 2544.9855970341955]
[736, 1714.2649638187584]
[737, 1416.3866783280487]
[738, 1421.6773193426588]
[739, 1635.94736996046]
[740, 1642.1882913085565]
[741, 586.14811639225695]
[742, 584.69422077735612]
[743, 582.88534668278635]
[744, 584.87159378490367]
[745, 1437.6027380839116]
[746, 1369.6306343269243]
[747, 1462.5153567847924]
[748, 1572.8843965693791]
[749, 600.09860765207191]
[750, 579.30270277972681]
[751, 1663.6713667350155]
[752, 1188.4008553211845]
[753, 1572.437573621525]
[754, 781.95282895306264]
[755, 1376.414947802642]
[756, 1590.7518395814836]
[757, 1559.7983172862741]
[758, 358.14912146456294]
[759, 5304.5253034701936]
[760, 605.3192447166515]
[761, 1176.3698644409342]
[762, 1179.5453819799347]
[763, 1575.5918063050356]
[764, 1568.7154723935164]
[765, 1571.6857832994156]
[766, 783.49142005445822]
[767, 786.20915780185555]
[768, 1567.7016364505164]
[769, 1394.5366706833738]
[770, 1292.7857597578591]
[771, 1320.1997875574816]
[772, 1296.6631850121607]
[773, 1354.8137351993275]
[774, 1745.1524974669455]
[775, 1785.1620380652662]
[776, 1751.6604715445028]
[777, 2204.8160801627973]
[778, 5223.0496658425645]
[779, 2303.8678783118162]
[780, 2350.9032286903107]
[781, 2337.9817298038524]
[782, 1796.7229391831095]
[783, 1748.5457147141228]
[784, 1402.1056600508555]
[785, 1377.7521249099229]
[786, 1319.0477466394118]
[787, 1340.5215329252278]
[788, 2411.9917013385216]
[789, 1940.4305528399448]
[790, 1961.7305836685491]
[791, 1968.7440574972695]
[792, 4350.2764505897621]
[793, 1981.5134965107713]
[794, 380.26371057797036]
[795, 2371.9989693309194]
[796, 2168.1399104587044]
[797, 3506.9383202571184]
[798, 3513.8739716487771]
[799, 5273.9057945809545]
[800, 2222.8770023199872]
[801, 1973.3172331663691]
[802, 740.17643132539786]
[803, 1962.2159229050494]
[804, 963.07022055262746]
[805, 1576.8105862388529]
[806, 1415.6345632290156]
[807, 1566.6922457078688]
[808, 1677.7007851353196]
[809, 1761.9893038806968]
[810, 1317.8511486976677]
[811, 1440.5205649724076]
[812, 2153.4269219358566]
[813, 1602.0649186235121]
[814, 1481.3781633260783]
[815, 1312.567892892024]
[816, 1484.682772085647]
[817, 262.25209968010603]
[818, 1908.6208859051196]
[819, 1975.9366094067198]
[820, 2028.4771112849764]
[821, 2150.5839598652351]
[822, 1722.4284420893678]
[823, 1320.0258978137081]
[824, 742.67540147408147]
[825, 550.4137163865031]
[826, 1611.3841265698586]
[827, 1566.4575371754729]
[828, 1584.719667433139]
[829, 1585.4304438986298]
[830, 1319.0611592912549]
[831, 1316.382466733317]
[832, 1534.201295284988]
[833, 1550.636585116808]
[834, 1734.8743001860996]
[835, 1715.3118237147062]
[836, 1757.1830779467512]
[837, 614.12191446503834]
[838, 1891.8038231393834]
[839, 1829.6531312574828]
[840, 1557.712198445199]
[841, 2064.2007684145124]
[842, 616.92897577691031]
[843, 618.00518494444941]
[844, 584.87592450739567]
[845, 582.05467497372069]
[846, 579.07248481915997]
[847, 583.27035187764682]
[848, 579.02151935352697]
[849, 1973.2893456395461]
[850, 1922.1872363276368]
[851, 1466.9923403866171]
[852, 1615.6475872865508]
[853, 1151.0755110558664]
[854, 1599.4690339672084]
[855, 1966.9825763645579]
[856, 1876.7157793013696]
[857, 1917.1578082108879]
[858, 1942.5250467828241]
[859, 1566.4401977037733]
[860, 1980.5232000571418]