[0, 1542.9519653804236]
[1, 1760.7813506537045]
[2, 1758.0642731317625]
[3, 1549.5738113298039]
[4, 1425.2804829998763]
[5, 2191.4002159602132]
[6, 184.74114335954559]
[7, 584.6201587295526]
[8, 205.68625124673824]
[9, 185.46024829461052]
[10, 1543.6218482166271]
[11, 1103.9519690450327]
[12, 1556.7160495396138]
[13, 1089.9430929155471]
[14, 1335.4481967832846]
[15, 1094.228113708645]
[16, 1102.2360106452436]
[17, 1102.6399902525852]
[18, 1746.5925917682878]
[19, 1758.6590678822799]
[20, 1332.9354485941476]
[21, 3358.920834216498]
[22, 2178.6291541617725]
[23, 273.506783361212]
[24, 298.09928981261538]
[25, 1319.8602274911977]
[26, 1444.5536417577759]
[27, 1323.7386546089083]
[28, 1329.823051814102]
[29, 1543.3956510146206]
[30, 1315.3287382627063]
[31, 1329.3744041322807]
[32, 1328.1362324589124]
[33, 1338.6291256198654]
[34, 2070.5176717837103]
[35, 520.03030092393897]
[36, 256.37185285980172]
[37, 1334.2021336625171]
[38, 314.24042355503866]
[39, 472.1933742876837]
[40, 856.56810687592269]
[41, 1091.912038822177]
[42, 1095.5063369744616]
[43, 5105.8762516275392]
[44, 1102.657160089095]
[45, 1084.4065489082557]
[46, 869.0802152016189]
[47, 1100.5121163552317]
[48, 793.68358656112446]
[49, 1083.0273946409684]
[50, 662.8423993753097]
[51, 651.08451818516858]
[52, 126.11498628492751]
[53, 946.93028202346625]
[54, 622.7202329213618]
[55, 377.93900676501204]
[56, 231.97819575763594]
[57, 588.40208194505556]
[58, 290.20184638490275]
[59, 284.32542140190083]
[60, 1426.7636745780851]
[61, 613.96698892260224]
[62, 1469.503649782723]
[63, 651.20928369628393]
[64, 829.90059226940627]
[65, 779.41288798599396]
[66, 780.59238052841624]
[67, 390.59716170843177]
[68, 782.93646294658595]
[69, 390.75892232794342]
[70, 392.84471519918492]
[71, 524.34843041531803]
[72, 522.51607434104176]
[73, 523.5189516972207]
[74, 578.87526946653327]
[75, 584.97301990077995]
[76, 522.82208174159132]
[77, 521.65115867971417]
[78, 601.17315930366908]
[79, 1416.5578531851427]
[80, 521.89448420083795]
[81, 518.74170705917879]
[82, 600.06658765448469]
[83, 651.92517190203137]
[84, 656.56794432397521]
[85, 524.702736604037]
[86, 141.66084272933804]
[87, 1920.3033350753651]
[88, 348.24453481135083]
[89, 524.78005670010805]
[90, 347.35950149538235]
[91, 349.47013165729516]
[92, 652.88405892259937]
[93, 1451.1242411784363]
[94, 2103.3749351898814]
[95, 298.73037524830573]
[96, 648.46748388759465]
[97, 232.67077928113534]
[98, 551.5172107875552]
[99, 610.31526315713631]
[100, 657.78369087998169]
[101, 1533.7836782409086]
[102, 1786.2599889709247]
[103, 521.11316573734916]
[104, 524.24044484724368]
[105, 521.38548060603125]
[106, 521.22895529228265]
[107, 586.7807326163047]
[108, 295.85343163812269]
[109, 294.13305789199239]
[110, 775.86039957249295]
[111, 388.90960618501356]
[112, 782.23555797298945]
[113, 390.22589414373886]
[114, 390.49234631749982]
[115, 1583.8174013442133]
[116, 1576.3216411943115]
[117, 520.83257634158258]
[118, 524.28374052261927]
[119, 521.01584902601621]
[120, 520.63829828421342]
[121, 522.72459073672906]
[122, 518.82754182258032]
[123, 795.84270621436747]
[124, 524.86043671808102]
[125, 349.0165944229426]
[126, 350.53616192584428]
[127, 521.85995689848778]
[128, 520.89409510499888]
[129, 522.84789171217187]
[130, 524.49011808827595]
[131, 597.12952012314076]
[132, 520.05393698036642]
[133, 349.99070037554731]
[134, 349.38400391332601]
[135, 347.4153744299033]
[136, 347.52148200354736]
[137, 5021.4893025164702]
[138, 1355.2483497366943]
[139, 1427.6489491615698]
[140, 693.85774268611544]
[141, 348.37953193851172]
[142, 660.9657256618616]
[143, 208.15687045027983]
[144, 901.87368772100547]
[145, 770.91130572211875]
[146, 1535.698208328675]
[147, 592.78487376407406]
[148, 240.71310654005583]
[149, 5341.9429175769565]
[150, 607.51802588080193]
[151, 587.00896225258612]
[152, 590.7302108973289]
[153, 737.45937671084539]
[154, 1573.0409308346971]
[155, 592.3895425640568]
[156, 1891.5312295265098]
[157, 600.95311627620902]
[158, 741.31395102888757]
[159, 7753.320832561375]
[160, 1675.0561604625304]
[161, 662.9627026476328]
[162, 730.12953093057467]
[163, 780.35156158225038]
[164, 1585.9347083097518]
[165, 1322.4958901912985]
[166, 1783.8610904278421]
[167, 501.42222701044437]
[168, 1704.0313461580965]
[169, 1488.6325747670032]
[170, 1472.8510612954135]
[171, 461.54614504852827]
[172, 655.84366519149467]
[173, 1537.0433916460229]
[174, 1327.5190454653514]
[175, 1322.3311598021539]
[176, 1544.6117939301157]
[177, 741.71373241594165]
[178, 1475.3177509235763]
[179, 736.27496237313164]
[182, 1449.4050998096366]
[183, 1662.5713277706773]
[184, 2252.4380693512248]
[185, 2334.1616567654437]
[186, 1747.8181244032453]
[187, 1479.8117092518901]
[188, 1589.8416078833059]
[189, 1736.0564816352075]
[190, 1728.649450113435]
[191, 1727.1452144479838]
[192, 1740.0282867933322]
[193, 669.09488645350746]
[194, 659.67335446186189]
[195, 1749.9418838211172]
[196, 1541.1537738633087]
[197, 1591.36897024787]
[198, 658.02734289167665]
[199, 1438.6320387619019]
[200, 1731.4492371181459]
[201, 1102.3506103117375]
[202, 651.76002648851568]
[203, 633.02413965779192]
[204, 1378.0670505642549]
[205, 1684.6521900565226]
[206, 1484.6238796358384]
[207, 1979.9923144499146]
[208, 2335.0828375949341]
[209, 2647.103327798583]
[210, 2651.1609264433714]
[211, 2366.748432394586]
[212, 1966.5184282538758]
[213, 1481.4179092170407]
[214, 1491.5569057168175]
[215, 1348.9732381538636]
[216, 1524.9363759248447]
[217, 1540.0324031917996]
[218, 652.13463065595181]
[219, 7659.8129548342849]
[220, 7500.5385318225999]
[221, 4631.081487254929]
[222, 1494.2002266929717]
[223, 1226.4899811793621]
[224, 984.05580360618819]
[225, 1540.6254860316367]
[226, 1371.4042639935888]
[227, 1370.8024570711846]
[228, 1568.4295787564947]
[229, 1579.2176748689265]
[230, 1809.0214976230886]
[231, 554.59224492406145]
[232, 2370.5938947919399]
[233, 2352.3710561871831]
[234, 2347.2819622769612]
[235, 587.90124592832888]
[236, 292.6777877714859]
[237, 295.85521311112552]
[238, 1583.9817993113513]
[239, 1827.1514058419459]
[240, 2092.955909659976]
[241, 2094.5580338766681]
[242, 2883.5541030352456]
[243, 2879.5867155667083]
[244, 2314.3428701585535]
[245, 2478.982421448236]
[246, 2406.6925607638955]
[247, 2490.9184206529289]
[248, 390.63624224017332]
[249, 4752.4418885921932]
[250, 351.83454191892088]
[251, 1849.7368020260483]
[252, 1883.5264639500319]
[253, 1764.0361350630571]
[254, 524.94439958393434]
[255, 522.73656425613945]
[256, 519.7987013156104]
[257, 1413.854582973572]
[258, 523.02967299894999]
[259, 259.91103675244665]
[260, 524.4036421196879]
[261, 522.96407388469402]
[262, 526.26328791509957]
[263, 522.33841085370489]
[264, 520.97515195496794]
[265, 1768.928880510839]
[266, 591.7338852576363]
[267, 1460.0237502325706]
[268, 1640.229724844387]
[269, 1346.5994833964405]
[270, 654.2158716714199]
[271, 606.36617465687232]
[272, 1614.7885108802654]
[273, 1762.2629446010649]
[274, 1327.2148179934161]
[275, 1761.6616228017338]
[276, 1758.8319512037701]
[277, 1310.0296695824438]
[278, 1313.2551573575827]
[279, 1351.3888846090551]
[280, 1731.8311463150685]
[281, 1573.4850766598593]
[282, 1315.3848484729904]
[283, 1536.9368003404416]
[284, 1326.5896955880166]
[285, 588.45210408104208]
[286, 1550.3133480080173]
[287, 1756.289934118525]
[288, 780.4755927929773]
[289, 390.88326224738569]
[290, 393.30623590986909]
[291, 391.78172990838499]
[292, 392.22070746766485]
[293, 386.0589359504782]
[294, 1538.9183057018124]
[295, 1326.5778957898569]
[296, 1545.539273568756]
[297, 1760.1589528665907]
[298, 1758.6255430731701]
[299, 1707.3362545197986]
[300, 1739.6003674374676]
[301, 1462.991422764838]
[302, 1321.3788177839319]
[303, 667.72361576617186]
[304, 1644.1091036768103]
[305, 1445.1575472039908]
[306, 1543.1258426936588]
[307, 1546.8026338662544]
[308, 1537.0698138704204]
[309, 1528.562028734674]
[310, 4991.1388673911106]
[311, 1309.3433310951998]
[312, 1315.0801954129522]
[313, 1334.6554676740036]
[314, 1741.4647708877428]
[315, 1569.230552861178]
[316, 1476.8643461533941]
[317, 1325.5843340246238]
[318, 1326.0510283179465]
[319, 1324.6370475873923]
[320, 1326.1164968463877]
[321, 1756.8212214837808]
[322, 1991.3261620849321]
[323, 778.87909078119583]
[324, 1905.6854050427471]
[325, 1343.8018443184999]
[326, 1590.9029546341342]
[327, 5348.1290341672193]
[328, 1323.5075134922752]
[329, 1326.0564681313081]
[330, 1544.3310617869627]
[331, 1328.5358897690448]
[332, 1905.7059614813743]
[333, 185.13737771435734]
[334, 310.47749860148554]
[335, 101.01799962523135]
[336, 125.96532063987461]
[337, 166.11152130330649]
[338, 1845.6169454663968]
[339, 596.09914433532617]
[340, 1472.9081217587702]
[341, 746.07911225253167]
[342, 1042.4819661958934]
[343, 1339.6452945738613]
[344, 1662.0390745047919]
[345, 1984.6249248262859]
[346, 1451.3752446216149]
[347, 2020.0944585579007]
[348, 262.80600124416003]
[349, 1468.3434307106047]
[350, 666.11044609999283]
[351, 1746.9528674081434]
[352, 1530.0143385420729]
[353, 1328.5989472217232]
[354, 1562.8773769908821]
[355, 1426.2209755179626]
[356, 1745.9603908334743]
[357, 1704.0466039723622]
[358, 1497.3539849345361]
[359, 1455.395062410608]
[360, 1385.2646320480656]
[361, 1715.0471300687366]
[362, 1762.6966368061362]
[363, 1831.0628072911331]
[364, 1835.077814377561]
[365, 1834.1473890368279]
[366, 1915.4308792465108]
[367, 2957.8728409123228]
[368, 1977.7660052368167]
[369, 1974.6475970245554]
[370, 2931.1630606719027]
[371, 470.45735020883927]
[372, 1962.5207968971108]
[373, 663.8606294900078]
[374, 1536.4958041828388]
[375, 1550.1921000731425]
[376, 1377.7148480954475]
[377, 1441.9374700325809]
[378, 1174.8272182351088]
[379, 1487.8739642489636]
[380, 1531.2689749138108]
[381, 1821.3774630838934]
[382, 1639.8468292979685]
[383, 637.67242634636443]
[384, 692.36436400228558]
[385, 979.17650539712338]
[386, 788.30515686493652]
[387, 795.78765033413561]
[388, 1414.6613650060156]
[389, 1730.3660148127533]
[390, 1986.1951614071875]
[391, 1744.9791588493567]
[392, 489.0865003102312]
[393, 265.24142532518675]
[394, 3065.7945660088835]
[395, 1976.6828361552029]
[396, 1764.2698410702285]
[397, 1523.1031432970706]
[398, 1078.8767209776602]
[399, 494.57247707434328]
[400, 1464.4805038220727]
[401, 2485.1750136662231]
[402, 8532.2994875327859]
[403, 7726.0286504482865]
[404, 7705.3858680262892]
[405, 486.00396963232657]
[406, 1798.3638723551542]
[407, 1841.4778202291607]
[408, 1870.0984796600133]
[409, 572.29063272204485]
[410, 2343.3591126227116]
[411, 2318.4284698505753]
[412, 2399.7599082713373]
[413, 1749.2703557352693]
[414, 1482.8459692416793]
[415, 1445.3772393288887]
[416, 1457.1857278544987]
[417, 2080.7036793721386]
[418, 2332.3871111304443]
[419, 2409.212188512528]
[420, 2306.8894013619279]
[421, 2321.1642435206822]
[422, 2311.0563329442944]
[423, 2308.6269761148415]
[424, 2308.2641197502157]
[425, 2518.8436053402429]
[426, 2499.0344598253223]
[427, 2401.1646970904485]
[428, 1985.8272089534062]
[429, 2482.0267305106063]
[430, 2313.386992495005]
[431, 523.65141785931883]
[432, 2312.8262534071505]
[433, 1353.9694886928946]
[434, 1349.270239021489]
[435, 1408.9124667245103]
[436, 521.97998839117622]
[437, 351.25251762663936]
[438, 2373.051913778183]
[439, 1112.6698347583372]
[440, 1486.7611894567515]
[441, 1611.3438110894499]
[442, 2301.1245697662412]
[443, 5157.8022320894443]
[444, 1718.9296796474641]
[445, 596.91950598609731]
[446, 597.05131547758924]
[447, 1340.4301843740127]
[448, 1337.4744815677348]
[449, 2420.0290552588399]
[450, 1357.50237753601]
[451, 1742.4748869104858]
[452, 1766.6543933948844]
[453, 1759.6795515196488]
[454, 1767.128140539641]
[455, 1767.079735012936]
[456, 2214.5999232004392]
[457, 2200.5528524793885]
[458, 1429.6392930549814]
[459, 348.16171018210247]
[460, 5397.7582550204816]
[461, 1749.6607203998483]
[462, 1441.5627733405718]
[463, 1556.0414226008158]
[464, 1759.288101325471]
[465, 1757.8073943936504]
[466, 1749.649007014626]
[467, 1646.0032595809334]
[468, 780.98037137867482]
[469, 780.9223146477226]
[470, 389.83136277586345]
[471, 388.85753422426887]
[472, 1919.5450682786966]
[473, 2053.8759520796921]
[474, 2028.5959593005039]
[475, 1763.2182087753179]
[476, 1759.8190732218486]
[477, 1746.7640491808284]
[478, 1697.1399868662388]
[479, 601.35501837986715]
[480, 1332.491927258799]
[481, 639.18213424539181]
[482, 1655.5023543222651]
[483, 1667.7476706070654]
[484, 1758.7844827787628]
[485, 3504.8750642284067]
[486, 1755.793145968194]
[487, 1770.3682353748572]
[488, 1760.0371843084777]
[489, 3060.2935564336581]
[490, 3040.6942186456358]
[491, 2221.089830497343]
[492, 1693.619826682037]
[493, 9071.266326604411]
[494, 1680.3661144058956]
[495, 1763.4646434231483]
[496, 1775.5990610717397]
[497, 1548.8927449034629]
[498, 1758.6690720474444]
[499, 1753.9892050336243]
[500, 1736.2041918483828]
[501, 1985.5280944935812]
[502, 1935.1117159881401]
[503, 587.48525305029477]
[504, 245.79186634890593]
[505, 1626.4645340379832]
[506, 1729.4514870699622]
[507, 1775.057386048029]
[508, 1544.1175468290121]
[509, 1544.7111789391852]
[510, 1750.8522175706291]
[511, 603.32747535621195]
[512, 246.34953684474794]
[513, 244.31029869344692]
[514, 597.26775088942804]
[515, 643.29557100756961]
[516, 1641.2668984390702]
[517, 1658.8017316405251]
[518, 1662.3511250135648]
[519, 1652.2829653128649]
[520, 1640.9602796636516]
[521, 1650.5202917374497]
[522, 1653.1635481636147]
[523, 1649.4516656176368]
[524, 1596.0077816302451]
[525, 1563.8709282054315]
[526, 1559.9728873370777]
[527, 1563.889265652806]
[528, 1591.2323492238697]
[529, 1571.1775824972628]
[530, 1531.1058565134149]
[531, 1585.7995927024649]
[532, 398.27624583257767]
[533, 1540.2872624900242]
[534, 1544.5497124820836]
[535, 1410.9893349885942]
[536, 1570.664974760874]
[537, 1536.6501977683383]
[538, 1568.1151920418863]
[539, 1588.2208550132539]
[540, 782.75641878440263]
[541, 1530.0947823954898]
[542, 1556.0430052993436]
[543, 2791.9138966152245]
[544, 294.99144766456749]
[545, 387.50923752780642]
[546, 1755.084317527698]
[547, 1424.7929514761408]
[548, 2343.6548110830454]
[549, 584.36527975377487]
[550, 587.29641147902987]
[551, 587.52656960590298]
[552, 586.60816411740802]
[553, 585.98085005089251]
[554, 1540.4475994455047]
[555, 1456.3805749444305]
[556, 1551.7479579066735]
[557, 1424.5669277020356]
[558, 773.74167975160958]
[559, 2349.0039127010459]
[560, 2445.3089181745663]
[561, 2486.4863957378011]
[562, 2320.6960854347421]
[563, 2333.1336211927651]
[564, 1540.85657048955]
[565, 1866.6102188505449]
[566, 2121.5158052114421]
[567, 2441.3101822937592]
[568, 1556.9921548438904]
[569, 607.79066598730572]
[570, 2036.1546048137438]
[571, 647.51392905551529]
[572, 776.10863915946686]
[573, 1564.524284327724]
[574, 1810.6483032649314]
[575, 587.49810139530007]
[576, 584.96466584967231]
[577, 1399.6224043913821]
[578, 1432.6171653635356]
[579, 1588.7407802288471]
[580, 774.75850977026334]
[581, 1444.4219703760236]
[582, 1461.6060615523686]
[583, 1994.1168895857411]
[584, 1508.6166423038103]
[585, 1308.2109260528923]
[586, 1316.7605076686361]
[587, 1103.7143143679029]
[588, 1103.2644085779123]
[589, 1084.28850768336]
[590, 659.15394505623703]
[591, 666.69357719056529]
[592, 584.27211084093483]
[593, 293.53377184440831]
[594, 1330.7894896162566]
[595, 1633.3551728685727]
[596, 1660.6365220690948]
[597, 646.42050947903419]
[598, 2108.0068379299464]
[599, 2458.9017563578104]
[600, 2083.1785395297538]
[601, 1991.1658642537773]
[602, 1644.9627404797795]
[603, 1650.0368418813728]
[604, 1652.0048087431928]
[605, 655.82546179412884]
[606, 774.03409104656942]
[607, 1152.9015965442866]
[608, 1644.1424260748365]
[609, 1651.9110987145166]
[610, 1654.6842476822396]
[611, 1647.0893895319914]
[612, 1654.2748623657319]
[613, 1654.1993788018631]
[614, 1448.8911832431284]
[615, 351.73648323807157]
[616, 1648.4948022903568]
[617, 1646.2790844684448]
[618, 524.70828545128438]
[619, 1665.2037379435335]
[620, 1640.0757661182522]
[621, 1814.8300910784212]
[622, 1403.8527373770689]
[623, 350.65397058206855]
[624, 350.1551388703719]
[625, 350.61641998611003]
[626, 294.35269586379587]
[627, 1469.933222142567]
[628, 1699.7144143899682]
[629, 657.74624927105151]
[630, 647.85232677214253]
[631, 672.98715761916003]
[632, 676.64010651945284]
[633, 644.88029384355116]
[634, 658.40916502942173]
[635, 1066.1439189099881]
[636, 1439.776763796405]
[637, 518.90771235426394]
[638, 260.2981674704302]
[639, 1371.0523933212025]
[640, 1624.8506225850444]
[641, 1674.7649249461813]
[642, 638.54238786333053]
[643, 2131.8823375971547]
[644, 2452.755434474283]
[645, 2394.4447489146492]
[646, 1955.7690018241094]
[647, 1643.5580540940769]
[648, 1647.4151121717241]
[649, 1650.9267140809513]
[650, 1633.6532552413414]
[651, 1427.8834753150045]
[652, 790.21961240610506]
[653, 764.06512395867207]
[654, 1637.0821529926097]
[655, 1639.8898962955323]
[656, 1649.3242654982564]
[657, 655.32152436093861]
[658, 637.67823493393189]
[659, 1643.3194135323936]
[660, 259.62879740238742]
[661, 1639.9877892590932]
[662, 5126.8669863815094]
[663, 4523.1203726461399]
[664, 4716.7670835687568]
[665, 5216.3857233344452]
[666, 5064.243801994603]
[667, 4672.0133901523286]
[668, 349.29833680113353]
[669, 1483.3535769630651]
[670, 1444.5356407286256]
[671, 5273.3903638140018]
[672, 1432.0996735044469]
[673, 1678.0066454871667]
[674, 1847.2595578918144]
[675, 1499.0318939674571]
[676, 1785.5884920000392]
[677, 1589.3290061366595]
[678, 1739.5384466422879]
[679, 1570.6603030622173]
[680, 1572.3391786796358]
[681, 601.66841747799594]
[682, 817.11600897282437]
[683, 2515.449085740242]
[684, 566.529075872622]
[685, 583.28556483279954]
[686, 1484.2250213610882]
[687, 1472.3512296959343]
[688, 1481.3425832098148]
[689, 1352.684876834162]
[690, 1640.2637551692728]
[691, 1635.96353052211]
[692, 1660.5892262137347]
[693, 1650.5674724375738]
[694, 1653.9967588083057]
[695, 1641.780438979989]
[696, 1643.8838381642793]
[697, 1652.3248992263016]
[698, 1650.3242150667845]
[699, 1604.2764104568494]
[700, 1563.471534445579]
[701, 1555.8360675919603]
[702, 1579.3910675643035]
[703, 1647.8418588146696]
[704, 1540.143624853195]
[705, 1545.2924662954727]
[706, 1604.768137556181]
[707, 1566.8384608922136]
[708, 1531.1394871448181]
[709, 1575.9913330448248]
[710, 1607.6866808705238]
[711, 1549.6375960728537]
[712, 1549.0796327713579]
[713, 1611.9572365198421]
[714, 1578.9919632112408]
[715, 1541.9143820858624]
[716, 1534.6766151481429]
[717, 1923.9567529953035]
[718, 1357.7404083306517]
[719, 1538.6851661567725]
[720, 1561.1424458033352]
[721, 1556.877374232135]
[722, 2617.6980383647851]
[723, 2529.0332963332239]
[724, 2084.9407326801738]
[725, 1472.7391970737149]
[726, 1566.8039027593429]
[727, 1641.6063411769805]
[728, 5080.0172623571834]
[729, 1584.2961603470201]
[730, 1546.9354156112418]
[731, 1350.1225654255645]
[732, 1533.5964039504786]
[733, 1848.3337948671201]
[734, 1491.0010125807726]
[735, 1654.7941611578808]
[736, 855.06299583406974]
[737, 2436.8536349426745]
[738, 1401.4094312300708]
[739, 1476.0741213008437]
[740, 3145.1309947620234]
[741, 1962.2237369390575]
[742, 1856.6184782117286]
[743, 1925.8469947498797]
[744, 1400.3735232498977]
[745, 1398.10658634575]
[746, 1926.8755376386273]
[747, 1333.5953039135254]
[748, 1322.2639326576505]
[749, 1624.9202399544865]
[750, 1471.3035302272974]
[751, 1510.6986014483641]
[752, 1457.8504644902712]
[753, 1460.9329792349033]
[754, 1472.0931515191737]
[755, 1840.0850843197227]
[756, 2093.9630375047841]
[757, 2586.51635866382]
[758, 2386.832529759924]
[759, 2853.3697456857731]
[760, 1442.923243376719]
[761, 2430.5223523871314]
[762, 1665.9673496157627]
[763, 665.74281352688479]
[764, 657.23591218835929]
[765, 660.73528191336777]
[766, 660.74587242269865]
[767, 660.88817329001938]
[768, 1539.5761284176392]
[769, 658.60116995703265]
[770, 586.77636617339988]
[771, 296.63949449753744]
[772, 1605.820659976959]
[773, 1650.3867981216679]
[774, 1364.4298758395132]
[775, 1405.168608957609]
[776, 1403.7063844483375]
[777, 1411.5113428667398]
[778, 1392.6107713848053]
[779, 1650.4555766908932]
[780, 1648.9307409563921]
[781, 1646.8781637579661]
[782, 1639.8812830609954]
[783, 651.9083470248936]
[784, 822.87340131974372]
[785, 796.70184870488424]
[786, 662.52529199119749]
[787, 656.03562882442714]
[788, 1652.960714039737]
[789, 1868.4152223079652]
[790, 2525.405255753556]
[791, 1989.6866665972693]
[792, 1481.5425784380582]
[793, 1635.3204859180876]
[794, 2411.278189918959]
[795, 1665.2996422311096]
[796, 2665.9908402762421]
[797, 1571.8796387848013]
[798, 1699.2023756065871]
[799, 1649.5195428075726]
[800, 1942.5055520038954]
[801, 349.21270262119731]
[802, 348.45035975564673]
[803, 348.19131318217973]
[804, 1821.3031229077035]
[805, 1810.5041126537226]
[806, 1657.464695737234]
[807, 1914.9886710937305]
[808, 1618.397336762157]
[809, 1804.0103159059149]
[810, 1664.1923310697596]
[811, 1944.3087590926741]
[812, 1458.8749616527941]
[813, 1695.953604469167]
[814, 1569.7623849355696]
[815, 1552.5628841754822]
[816, 7706.8092284753784]
[817, 533.45262152215798]
[818, 622.41409928774351]
[819, 1662.6175378110111]
[820, 1396.2556037130789]
[821, 295.2362953840846]
[822, 756.28663357046389]
[823, 390.97302748734603]
[824, 1672.4875033877483]
[825, 1621.4092843671895]
[826, 1638.8737986478077]
[827, 1684.0983033542168]
[828, 1666.8310891334265]
[829, 1622.9846587450779]
[830, 1662.6175385700544]
[831, 1671.3713593130237]
[832, 1632.5185498291598]
[833, 651.71541391013818]
[834, 1498.3900218215203]
[835, 584.37663581743459]
[836, 1502.0958012972251]
[837, 661.86083017739577]
[838, 1660.7901316098021]
[839, 2386.8927485716576]
[840, 1661.4358165909548]
[841, 1634.4413023037723]
[842, 1449.1832326970839]
[843, 657.25634474291303]
[844, 2372.3491478844685]
[845, 2287.6117650395399]
[846, 2394.416062081561]
[847, 792.17447997764452]
[848, 1626.235971634429]
[849, 1333.3269823360924]
[850, 2420.646541112023]
[851, 784.67404762628667]
[852, 2500.1610957186208]
[853, 777.81100890320329]
[854, 2410.0949494951806]
[855, 2414.1285663106914]
[856, 2607.256419093414]
[857, 739.34233082876892]
[858, 778.84925216741919]
[859, 748.92004119919056]
[860, 776.56031636123203]