466.324846841
466.054692502
466.402438101
466.229933026
466.399190573
466.243768127
466.180954271
466.200502995
466.096521362
466.072154817
465.888097859
466.179313178
465.890264893
465.808120836
349.976072884
464.86497687
465.735137359
465.493017032
465.283999973
465.456123821
465.979109783
393.937017602
417.850111062
412.533232077
738.300359723
368.591010261
741.37081163
740.275626309
738.433524331
737.602186733
738.799449832
739.479094692
740.637738569
370.26270418
366.821946374
621.101933998
621.400267451
249.064730521
741.137243393
369.294538001
249.630886106
252.208276513
370.871477084
258.488402876
255.198615318
263.59830838
259.213812313
257.787503121
263.592387892
260.956742008
1248.08165022
417.313902356
415.077244556
398.656765174
467.699895698
466.268625939
463.060277721
465.713920566
465.239836999
464.418207116
465.951085913
465.370876397
465.166888959
465.597472
359.096968972
356.919501378
354.726133889
356.996784225
706.980040594
704.008811467
703.012563073
277.509624006
276.544773754
699.089094768
349.419923206
348.586857136
346.872913306
697.80595858
348.616258232
350.230477209
348.096698593
349.720400063
349.661640812
466.389915689
465.238625651
465.4109196
466.210021542
465.095175472
465.454368213
465.867560629
465.645823314
466.289033533
235.524260564
470.098439392
467.167864936
465.216801213
238.3300713
232.973078274
239.212746665
241.480545568
238.56852676
698.322219902
258.247656176
621.553713858
522.528530978
523.518327667
621.242346121
622.285537006
255.211283256
254.872741805
701.868061306
348.197043737
698.905534939
463.132936588
463.330860685
237.411004961
234.221501933
466.091385524
466.038110429
466.199961327
465.807409702
466.133146134
466.497060519
465.843111674
465.088529259
465.469772694
465.801495036
465.873288769
465.75384127
465.52695335
465.610744968
465.675745674
465.504357029
466.006871806
279.061940392
349.086833979
349.635286927
348.672011503
465.478872836
465.4474425
465.714245244
461.898464751
465.887490864
445.263428106
449.495331715
741.464090114
466.483955929
464.39905835
739.198560821
738.239904764
738.662546121
738.621673875
740.127061831
465.931487129
622.333677897
622.039740838
621.14275971
622.147019573
622.088835315
621.628192078
621.369765809
622.31644129
622.208436215
281.430812607
521.304475808
523.940414472
621.369860907
620.525817853
621.938671852
524.103187041
392.748985821
832.09104398
413.902421351
414.153523929
740.912796405
739.599737353
739.092273596
739.245450976
739.155486871
738.726513536
739.334949934
740.393020328
740.104009631
739.916939878
739.748730192
737.127013832
734.051861614
733.022380841
733.74521227
365.682261393
364.200998402
364.609135163
365.296535792
366.562257808
728.687380553
357.39015385
358.818524474
356.867230546
695.331537533
340.392643305
339.816419404
349.20186257
349.393060807
352.381272534
226.010185139
465.975130752
465.188385258
466.05004802
464.904224592
465.64147822
465.501750788
465.154830029
465.631777961
465.312910784
462.530593852
517.961024641
621.916431196
621.343689553
621.365526139
248.936707369
249.819559178
521.384037521
250.318374298
240.104404391
525.199273611
524.025079005
522.41128487
522.955798067
522.786247637
523.039318801
522.951651498
701.136130875
348.019034158
350.884250165
348.343964975
342.666624366
417.852468573
415.6799699
415.011445079
414.69476847
414.363305529
413.743802184
413.604678237
414.170538985
414.694384446
228.865301031
465.745927421
464.120743081
465.521235278
464.96496771
464.375779093
466.816787576
465.422207323
226.252094676
553.62388484
555.096395592
465.643777868
464.706278378
464.548637592
465.946085497
371.788450357
738.932007253
738.415842868
699.538072011
351.431210722
352.561676573
350.492141174
349.835527741
698.11603245
698.487753318
698.858245565
699.63186995
464.426061471
467.02236487
465.397057258
464.406408205
466.656076637
465.040081796
465.079327256
553.736396622
553.456713468
552.284840066
553.250116292
553.519584611
553.548916557
553.459460653
553.27636363
553.12982353
366.370985759
736.640309146
355.739917513
352.200958938
698.559111368
697.688110033
351.359607023
350.897151482
698.001409897
698.536512371
699.271543935
700.565717052
553.64615626
554.014331074
465.294155628
464.870085908
465.259737214
465.55467788
465.58531329
554.20453203
269.849633779
270.409131842
553.51527039
553.683748493
554.178163118
269.306799917
269.853391742
271.371339218
273.632547566
273.388801965
211.921743021
211.275416631
208.517748249
205.985156786
204.690761483
209.239144435
208.972733756
413.728743221
280.291638565
464.552047188
466.181317496
466.109258741
464.173080734
465.763237268
465.768068102
464.218924197
279.321414122
272.433363704
466.894868456
464.556066939
465.403311195
465.803959164
464.358266742
738.961894462
738.84153109
738.650260603
738.486839364
739.540543081
739.712413637
740.102598297
416.96638909
417.611966612
416.470766036
415.677779191
414.04811738
412.551200584
465.298637731
467.464797998
463.517965821
465.085054678
466.821335904
463.770845439
465.875049364
466.475186763
553.056229838
553.466761457
553.196131121
553.74534785
553.528205615
553.307774025
740.102736765
739.4563046
739.228627275
729.176349476
723.047714399
722.942850058
695.74538703
694.865935324
695.182713974
696.173346089
697.18947187
698.060351186
464.870034894
465.682513123
466.204700805
464.071859609
466.066871259
465.9477742
463.872975875
474.244152377
465.874877777
465.130599517
465.972910397
464.763078705
465.902967397
465.40792856
230.461431147
738.649077322
739.936337037
739.427125292
743.091397602
738.021552092
733.813059729
733.107762268
725.099668226
705.67541408
700.061593429
698.097986321
696.891210252
696.004122585
695.598347323
466.215135273
465.892643478
465.259251445
465.175121264
554.126612849
553.508970619
279.055144548
273.128289641
274.226265762
275.020023845
552.215234675
552.077972012
553.505743579
553.283216061
291.090376993
622.440432627
621.649520508
621.02493235
621.512166391
622.068870082
621.946133008
620.177153754
621.359973057
622.341728648
553.72438731
554.14490712
554.32947037
554.986199816
931.818691008
277.121355456
465.584480575
465.180542016
465.240480755
465.190912175
465.589438124
275.456870298
275.533593951
274.001809821
551.847331997
554.334394526
553.577650458
553.741478361
553.748179806
553.701983921
553.429175041
553.937061078
699.419395717
348.41530633
697.946965179
707.293739355
735.5014729
736.461586673
366.973734663
742.273558516
740.780966383
740.234021431
738.309333552
737.236114043
367.251409689
281.640349371
465.784057528
465.909716692
465.830514228
465.118220085
465.201640494
465.256223344
465.674202329
226.252831518
468.036052902
465.75257821
465.808176065
464.356823956
465.031300382
465.224540805
699.156047163
348.822058833
350.06501668
623.180405054
620.705660518
347.288197781
351.903092592
553.504239591
555.462745365
555.274131154
554.669882227
553.888
552.762437716
553.225129992
554.389638228
554.354539449
554.180290093
553.299824931
553.433979016
278.945531805
279.097313808
543.492576322
465.910830311
553.453160861
553.519351713
553.854593279
553.804632466
553.239185619
699.943594989
347.478848966
349.986116164
621.34246648
622.451821626
620.383225682
622.787919757
620.97875874
260.012570691
261.443621399
261.903551251
262.128911334
258.647715627
219.656446642
217.825378949
430.924651787
436.387424753
438.875902345
441.136227615
440.338776085
433.537145116
525.027468375
223.823631824
225.30014212
523.935834394
523.206691592
522.196607663
523.627684184
522.604706432
255.234807251
174.616119636
171.321760595
522.246950822
523.707710289
523.258730142
172.775803532
172.880417187
523.01346803
524.712605888
520.437681216
522.775393329
523.013921856
523.463780228
523.403322794
523.219032854
523.688571493
523.124483734
508.669748965
216.90047774
440.532281678
438.730617763
439.842111292
438.894138354
441.738345685
349.496671817
349.244635527
713.33788581
738.319515556
739.998378803
740.489241388
740.929524268
740.443928026
740.619544332
739.050205916
738.97891501
737.576517553
465.392563008
464.817047001
465.841519853
465.191863602
465.52495808
465.925011002
465.153987795
552.557571035
553.688240462
553.301778478
553.825989426
553.500324592
280.161482095
349.758032542
347.40079034
338.851609534
623.396974302
622.780686479
621.199707766
621.222528992
619.639528977
622.358172924
622.445447666
550.71159349
554.705581224
554.071827519
465.608693871
465.084830915
275.928205861
275.741717001
273.927687932
276.287393246
278.213106935
278.324019625
278.472900482
276.869952991
277.601210554
275.354469693
276.58948541
274.502903919
275.880788463
622.698737374
618.469618199
622.862924107
620.86712876
621.552435093
623.397903923
623.994166601
621.229510015
622.682995718
262.844665455
219.523718893
214.598728421
523.009687622
266.775613906
259.374773933
259.975486088
263.83693256
260.459903078
444.311514375
221.010713717
436.170360277
436.875794213
440.256568555
440.862403897
438.813248062
437.707966277
437.832346115
