882.576055365
223.58599558
144.677884729
150.642875396
223.415762276
882.56099296
882.793723717
153.004042133
148.039970366
159.11248025
150.649906238
148.573361095
152.450883758
159.340239158
99.5391343307
100.334347775
99.0967735535
158.358019646
160.447868083
198.838290792
197.770025912
589.928190488
98.6360852378
162.685084869
99.0570860221
589.783750903
152.858512648
97.960215828
149.684331414
153.350828062
163.789599072
208.270713303
208.39357749
150.26071896
231.490481661
174.085736074
119.470660499
586.82479254
158.791095508
148.713991159
119.279828621
118.073482975
589.095932083
237.689457104
162.406048148
174.399258372
118.592550562
590.731685641
165.367419539
155.547145254
173.626186303
161.166790323
174.776855758
174.239622821
232.52827873
154.339126907
168.468620321
112.027109957
883.655319678
156.665696046
160.81311195
112.427179296
111.033121385
882.364705763
222.101024296
164.83124725
222.333400727
111.350948081
882.699630851
167.962518555
154.60701912
111.769249323
157.7848103
199.032483501
389.404764178
278.296118443
149.785498114
149.86808669
223.171864683
267.543562294
156.748160666
222.185915763
147.999999383
222.963612672
222.742101083
886.360351436
159.91350056
441.368223309
148.517864012
905.69555213
152.625979568
146.996322457
293.977307661
159.36884295
884.701201068
589.911871461
297.879120316
97.4213220353
99.5306042148
885.329011424
876.520399029
98.1628926259
199.668209458
99.0757108669
59.6602472439
61.9908559785
63.2300581175
162.777607007
98.5771294633
99.6803972833
494.900385156
154.323311047
99.1264757348
2395.4902532
160.13570922
110.038948595
108.065289144
106.487291513
174.549871341
174.217906695
468.074997187
869.438562502
114.571711392
116.935516015
350.04084813
117.928221223
466.220745109
433.527257419
152.873312451
231.972065809
350.76519764
876.339918768
156.269469996
232.881373064
891.113949508
115.393688046
117.587608477
117.199430653
441.513889344
110.967427651
110.851232617
882.225195348
834.703799236
110.896321435
109.73906363
111.257509871
111.083491151
297.180025765
294.413844716
109.520082064
112.318117962
111.51532694
438.298172346
109.756091259
111.057619309
111.492161896
83.2509229876
82.6873785326
203.514023651
279.354220286
151.937303998
150.729153425
293.005668372
293.535959295
147.100465796
147.873792738
299.601599115
878.698485263
283.344443643
300.98574089
148.949235709
441.351221713
221.937801274
222.691087221
147.852630776
267.932848837
1141.26412402
152.885754299
586.278255543
882.649220506
199.735975579
97.7595248815
198.319561152
1216.56322293
1157.29765054
147.009968478
874.317959592
903.965298008
200.76768821
296.886874017
302.376530986
100.007130066
151.068465568
590.445625411
857.875989231
151.34787925
290.67974383
1162.07087769
110.377322954
110.174941096
110.029742551
160.520911596
174.817681271
526.867587032
879.592957452
1164.09063573
1155.46853618
232.800380141
175.019475557
303.987812861
468.146085771
447.225145434
231.678538336
873.904702332
249.404126845
442.153522062
174.650159229
174.711483037
875.299761237
232.270027937
117.071068731
116.266966625
106.590795118
110.484243847
112.683403147
881.944210583
1108.65870055
110.975212483
109.722477053
112.032452548
1100.15132513
1104.72617007
1100.73448609
111.276028036
107.965070272
111.951169665
264.21992233
108.598589158
882.854197244
112.314854131
82.7403204817
261.865165342
82.2675593261
148.354839921
148.027559569
873.127907503
582.244429354
294.096897959
153.167059781
150.141066328
149.180269702
260.507318885
293.939162152
436.754103218
147.660182404
147.430636186
876.848100289
222.640091435
152.100406586
148.796628595
880.753249567
154.244703653
589.710917538
882.542862801
156.010466715
97.3481548196
291.819343351
881.890537641
881.293046089
590.248641759
587.459355061
589.806292173
155.652844129
54.2016107606
54.5156857095
151.333227985
96.7646776042
879.191438883
866.042488667
174.049385288
1065.80577296
1070.62655395
109.037709409
865.052517018
877.545247167
874.588516834
174.450121495
874.762437634
592.853888871
160.194736909
165.526855918
116.622762914
439.251211892
591.038788104
435.478172375
445.172408037
116.779535517
888.148692112
878.888992734
866.652270388
436.141877231
231.149647312
158.466194473
116.767227252
116.635578473
117.270411378
107.986163659
111.920171518
1104.66277262
439.601969142
826.81941487
112.10449622
1099.69744917
1101.88243225
882.352330452
556.447504199
1105.41118889
110.707297008
440.924343526
440.216935246
441.887856286
223.508734574
441.263241261
167.130338239
82.5292754184
82.2054449999
158.110331091
149.726582552
441.184434937
1182.51733799
1098.32503192
293.724683935
150.26881218
292.872404344
291.74259526
293.927508075
350.60058112
350.583453655
349.792789489
147.452146901
292.330275152
351.231796822
154.125628857
147.102808042
874.391061569
222.015135856
591.787842158
880.409772343
153.40946809
99.5235129529
198.630949203
293.47689393
158.252532703
97.8391432481
98.6383005782
291.256775664
391.031698618
392.938843849
154.723867092
97.5561378378
389.971181423
390.720678282
393.615646988
393.503694183
1169.79794407
157.484714358
108.175949954
109.31990925
867.238916646
876.068005318
118.093072154
118.422780156
871.432924418
157.902581784
872.791901903
294.273691622
292.503374702
349.92419469
350.798525482
163.019101775
174.384779491
852.148276957
435.572690175
432.003239636
174.803039345
878.504771014
158.135791698
116.729020686
116.509144714
442.935328448
111.267237614
166.902740787
580.296099375
830.741874225
110.926152803
109.465646594
1110.85944385
829.08053542
825.964015854
823.045376082
154.127592589
109.745225754
109.326501451
197.289765919
96.8801600958
199.38119612
989.572076331
152.43179872
201.668450184
82.7097886891
447.757804104
445.092599673
445.435459125
204.0690125
894.744985845
145.960792085
589.348907019
711.272691965
221.534920247
221.991776992
296.785563645
153.547447692
589.942923177
296.184879365
340.773710466
152.604524737
349.475914077
351.720965861
349.767718041
175.424512696
174.722581848
709.428650149
463.2076202
99.4017393287
178.362270267
466.876178202
941.822692099
462.866990742
462.669930449
466.274218359
230.874678076
1739.78890918
154.494189207
98.5437903401
459.160369177
1158.14492009
154.749117106
1734.34744897
459.878630841
109.174772187
110.048302866
109.620213088
205.343001212
173.653364417
465.205653267
176.391942949
464.220988273
464.869833696
439.132543539
349.437535835
441.15542841
438.904135484
439.847386816
1002.25328978
116.575753393
886.449814477
1161.925602
157.5394545
359.063397596
710.760880828
115.796515744
116.789693845
116.167553048
350.672652517
109.789391551
996.389965914
202.918885859
999.84045364
109.45161014
110.843486043
882.316110538
873.148811124
992.988030635
291.599574977
109.889947499
110.280422459
824.841278153
1098.64241808
152.779863373
881.748926838
991.021452549
992.020131283
82.9932996561
157.305079324
157.644856776
154.997444129
994.15771352
1118.65885755
1185.58921264
156.374465054
153.135920997
876.567593911
875.60860916
878.283193275
591.483782369
154.460637397
838.21437141
823.202191696
200.23164959
152.855745951
154.509023412
442.874213378
644.26570875
860.78474783
877.617371599
173.550201641
446.080387634
447.050865225
877.049191525
588.498611072
151.096990168
149.697969961
148.247916761
883.428826424
167.354563711
175.306845903
151.786742393
176.419226348
1207.7926774
1161.30127586
152.194293817
879.429780816
886.660112467
443.189507472
443.448018904
442.959939033
161.760780947
96.3498079947
590.382794083
872.147761683
283.99123022
100.387832249
198.674772034
198.852531075
157.102866036
234.763209413
236.943951557
198.503162853
98.8717226296
447.168383591
443.16355914
98.3795139239
197.692451195
200.391107935
107.608174078
108.248397816
442.876874709
155.767086649
878.173037012
908.390035249
466.97266624
146.444880937
158.21461478
445.239226866
442.984484428
466.98169149
874.125839461
441.954676884
232.064128796
582.358055512
588.155840821
592.609195157
114.771994291
390.374507602
529.981428368
529.130595199
117.133605807
116.66412986
108.870024035
110.010091684
499.069154393
439.549426485
821.990787336
831.813537502
110.26369089
498.873915809
881.903728149
498.387590728
498.027014301
110.253560228
102.264415865
438.746895449
497.867494519
110.394254654
112.543541225
158.16884965
82.7052065712
198.298173352
82.4673656679
154.012323897
1099.80701382
1098.12810631
888.628338596
163.550251502
883.017057452
223.455203035
222.664365745
438.572916668
433.585300002
441.967927586
147.521202148
446.637890295
881.683716522
583.181698419
149.374881833
590.998936128
1165.43715739
1165.14778609
873.599114981
1163.87613067
157.493462852
98.1947924977
910.758326836
1169.98715148
198.69405085
152.146554454
98.0666336816
198.658061716
789.389963067
460.711914545
441.337371852
97.300089502
1160.50590226
471.321475886
867.41662776
98.8000531945
443.694353212
441.283732906
108.062080445
108.013874521
109.85372908
467.471057762
465.366563684
466.530144254
431.264486616
437.346790552
431.991475326
438.878507915
441.407430988
433.565181217
434.848963953
436.894228682
438.728566431
392.341272262
450.668196776
390.051177892
879.996337323
868.981757745
875.075744841
867.893399307
867.698226418
528.525411457
110.7528337
499.111330465
499.039155407
498.800669783
431.014534208
110.566672646
430.539981732
498.678054285
813.968357513
817.440792454
159.572345505
110.427533736
391.231894524
393.772963926
199.589420525
199.226594363
393.602075986
166.078476221
391.778971405
431.357073697
436.104804184
145.999636268
442.836093598
442.439063205
440.819434244
200.893376453
147.493794072
335.285009561
680.840438549
222.756002194
353.953711274
446.08430653
147.678734279
1953.48892204
435.626553778
353.672008851
1035.23607338
350.633228278
148.947415894
175.336033057
889.879928412
710.863713746
171.588922187
200.003636765
206.096695618
989.538993345
155.733407265
98.9121874286
591.141220692
943.173060934
1719.72242195
157.656694436
154.203025487
97.9784472196
1173.43003546
354.223880449
156.90166306
150.028396205
1739.15748977
106.146480449
202.88738453
942.674375696
109.169284289
172.114853542
351.489807283
204.150582312
466.790889693
467.661030346
1301.97483582
354.125434836
348.429585082
349.805479912
351.15608997
155.817161688
1001.63011286
816.213866439
465.498429144
152.860722326
349.7153196
889.301034941
353.678262889
350.428938935
349.753134336
355.443133146
109.898855898
1301.75323306
203.504053995
988.74115313
109.256243533
111.416138139
875.334111624
874.509612004
1161.88750142
1161.263003
112.177553834
825.668896643
352.335072187
351.490834016
350.756943148
352.276203232
882.912310009
262.338700295
640.40684998
199.457137811
159.886206816
351.58389376
154.438999535
203.551365512
445.993990574
342.768671417
349.690805101
691.992240538
886.881522347
333.322000165
335.637616417
879.164546201
815.978632709
353.10902402
353.334189148
162.732440458
1045.36922366
1072.76243566
349.696499999
176.085481541
991.603025675
709.130007743
98.1862233027
1158.89347038
202.229234803
200.850708047
1237.07629771
98.9289627135
148.91406004
203.263246788
1731.95381737
1735.89338963
991.276603426
149.094249011
198.455896948
352.694973982
152.802032127
500.160921055
499.085721662
208.652227297
208.015661646
233.389765482
156.74561026
942.602238185
468.465892841
175.748901407
948.413652996
174.394355166
233.596531802
351.779116313
349.184445012
682.689702338
704.103214546
176.240391
174.831374811
889.799545448
888.290881084
350.4724657
888.989062407
350.043072368
174.103857048
348.431407384
348.136248271
109.226490811
887.614858866
1304.22443328
441.881514226
443.326847589
885.869484121
109.573363017
880.694366331
1166.13798881
1162.57395421
1081.40313298
111.417541121
829.119371124
826.582197619
823.986332159
445.770433143
881.969387989
645.622392657
448.315121535
438.193974591
84.5017285729
444.790781097
444.31999223
199.38627649
450.235504112
450.349291222
108.809759447
173.745829692
40.7741010025
42.7421456613
0
44.3814186358
43.942356682
150.51304024
63.0091739128
64.2367231876
12.8942932587
45.5260885955
155.467418387
174.288321105
40.2773346067
46.6083422266
37.1196017148
45.8909499201
47.0475287509
108.806462242
353.029185644
176.49656671
355.820863893
354.561522289
176.001719541
354.144954358
353.443930817
353.571696071
176.130353571
353.144722394
351.790213103
352.704604048
435.650516894
441.281061043
438.89169157
293.098439781
355.21711791
353.467670337
292.490413442
291.702553804
586.970857727
587.221799599
588.287966732
351.557623536
352.59420319
352.812105738
353.186163923
586.169620098
352.701656283
351.925467699
351.57696832
176.498362234
353.197645053
352.375190685
435.965070708
433.568807484
352.75504348
352.496208807
351.575584432
352.562700478
116.385561887
175.62991337
291.110197744
466.436214052
466.654687736
175.280259794
174.308611216
128.420357479
174.704563286
129.09925797
174.723639299
86.6546926131
882.878296737
352.803346969
352.179060264
526.612970618
878.954749882
87.076727687
351.434389589
444.041692105
433.206724577
174.939897989
174.920582866
86.634764494
175.972008775
175.420946037
350.575437561
351.907491832
110.156254315
109.757584411
328.849484925
138.415103405
108.347230011
109.64974336
109.134048023
110.033386084
870.777686648
201.309844985
440.765290446
432.167981343
431.925940292
109.036267546
445.254777892
434.354630526
110.132072623
108.987382268
109.798845459
279.935108416
440.549832431
440.473269829
441.103865208
145.398059846
439.931526355
293.962846487
439.174110516
353.505925243
435.54661
352.68249652
351.324528867
352.71275243
353.034725749
352.368892215
441.212374652
440.403592089
351.788570177
440.04812666
292.561286418
440.573958038
441.040347602
439.952918336
438.890944412
353.244890436
439.458912671
588.289214859
116.168273746
466.177224248
466.696010232
467.672917298
350.507013816
352.494934227
115.673048987
352.730409983
352.968435288
349.761941815
589.313940612
466.164705047
466.860383821
351.287293052
466.090572324
468.171424834
466.957316746
467.250133998
466.612994151
467.095430894
467.864551996
156.666815958
170.878341224
441.053351195
440.184867044
439.691611938
440.289413541
86.4167091577
868.125412822
349.610574924
349.849529798
351.09643299
355.818339373
351.991837305
353.439188378
440.136811003
440.380710572
441.468690299
441.828490433
440.050926735
438.246924339
441.271275061
445.054798364
351.030054806
351.10304494
350.310756502
435.154244643
439.560380184
277.467235299
437.524432327
439.491000904
438.300677773
437.759577047
437.814641323
439.499251463
278.372079061
439.802269743
857.542916583
868.390395502
870.345456818
440.10804666
875.259777887
440.789947946
440.673615509
443.817784623
439.463443958
439.806670143
440.027105106
440.194940905
440.419603345
438.722961414
466.796944863
466.934778205
466.954327315
466.334897525
466.197221386
991.674295894
467.720696731
467.387675175
440.77564037
874.009958491
873.762019567
875.012835449
441.598239484
441.516979122
438.497290173
440.097450942
443.088844907
441.018604322
441.611804352
148.489060377
442.033255618
882.943479456
445.368921435
344.525500213
350.790625402
693.106864429
219.349883997
337.355101042
335.495577115
153.862247312
147.954609606
774.041373077
174.815321447
719.097476812
148.279357326
435.091574536
196.827280743
330.184673525
973.403848687
705.127415114
98.0247046699
391.656582963
467.19661113
155.082918141
156.229875755
149.247821241
719.87822804
1040.62361442
1050.94616496
156.992463066
999.860208
97.8366361583
790.587012334
292.32417231
98.3581786288
1404.94517593
162.091485714
206.45277561
295.951873032
197.927897282
231.191727204
351.415812043
172.88027613
175.768994913
351.981435133
352.718081075
350.390626132
355.196538174
350.830368071
350.613220886
998.571846481
1001.6466146
352.841677744
350.358273526
163.134437631
349.898466187
350.806540769
349.506989416
348.433837641
349.291150375
162.888552901
890.025738566
1636.42488161
443.216935098
443.707659682
109.268002216
875.648695878
870.253281204
1159.94509476
863.415177753
582.333484544
578.356878262
823.494665971
823.646743458
827.728531248
165.511011423
330.948395152
860.424143033
167.495906748
438.469740528
165.304208173
151.839451615
442.853857846
438.31358158
887.570686912
38.1446910185
351.170938487
696.724576809
711.587221547
355.285442101
332.614104965
157.297895249
351.373956791
38.038492138
355.46723064
161.674537228
1033.13323565
351.533385466
1098.70507309
353.637204004
334.600806751
683.876406465
693.941571391
791.095320367
340.520636464
392.429912537
99.8492745782
98.3322465731
941.941816466
202.043983547
1743.49836347
97.8416428691
147.427989214
97.9022497923
1164.49824947
347.180636912
152.407293897
1733.41772147
97.5923925622
207.302113795
209.591526999
97.4801941698
98.6441835022
174.352673179
940.409239822
936.589894842
159.863956093
461.667584928
347.666283595
351.208562214
355.203661406
699.291050237
442.524664336
173.062916017
175.215894839
174.515869284
352.193192056
355.036533395
714.876359385
1736.15349805
1734.99881094
709.532498543
1982.35570339
111.12018072
442.061096435
436.48072239
441.867961219
882.175912867
109.26938791
871.889660739
875.278223584
875.413317324
33.6595353422
33.3298859646
826.700624558
815.320813206
814.978122702
149.938702566