0
788.611317452
889.083884318
2388.8966476
2363.47081601
0
1413.3874067
23.1564642556
226.171693287
2686.94608415
2685.00082589
2399.2873753
707.367081189
442.719798238
0
0
0
0
20.240344851
697.895961394
272.469551442
2097.83234921
21.4360476815
0
0
2252.08029869
252.869547326
0
22.9782166344
996.719202079
0
2142.95764915
2021.01934679
944.48868854
446.264568735
0
1532.49528574
888.074702598
1591.24012168
1087.68128561
953.889761882
20.7805474381
881.476233731
1324.46854622
1395.42565741
1592.50918832
1589.35263253
1410.9445736
2401.87544877
2640.93249045
1406.98651592
2685.53834663
1191.61092917
1192.86716148
1001.98648671
1063.36623774
593.787593275
18.2754917517
3171.60851161
889.957626449
886.407582411
889.250066992
2250.54210414
1423.18081078
2691.56057867
1064.82746894
1339.03742392
1418.84627417
598.074877955
1599.97141531
1366.72596167
1227.93874051
892.984933499
1194.16516551
591.512089762
2679.29222059
1336.73594361
895.101579783
2684.86922483
1207.27026553
1419.70017943
3791.45487921
1786.72935808
2387.08334906
1886.35260987
3188.97332214
431.084757874
2686.84564168
1820.40344893
2124.92791678
2669.78181403
1810.62890491
709.384425731
895.535311213
20.6434075634
2483.5109931
876.990348114
23.3018378688
1491.89640449
999.136013496
875.742981999
707.719416649
0
794.963514535
1002.14032389
1415.44101729
612.675144879
703.881554709
666.792662182
950.039989705
674.789790505
953.187020832
1346.27679965
1046.60815207
480.117202715
398.071359866
964.409270694
21.8772048957
22.0879282884
1053.658394
12.0454485343
1099.49724687
877.761839015
0
2376.53758454
0
1957.10856972
1428.85284876
25.5814852588
596.896907475
22.03598931
924.633931648
1816.43247614
1335.47180374
999.14203469
1334.97279221
169.94108192
1377.39214181
1802.98215925
993.513948734
1799.15927235
1063.46007511
2830.05913836
1413.671582
1414.35824535
1187.95089508
716.049237946
2721.00989995
2093.17555473
1777.07202829
671.351571713
1778.76922486
1782.22043639
1773.60897704
1771.34840605
1750.59491382
1431.06473793
1751.61571019
1715.78099311
1730.25475243
1475.26620333
1733.62541836
1778.52204997
1467.87086709
1497.99021671
1808.16539671
1842.03089121
1376.99391763
1835.11203687
2124.01756841
1490.34814065
3891.81515876
1521.00384075
3731.81208837
3015.05939734
1932.94561443
1003.39289592
646.240997994
441.507743279
0
671.092560403
1190.71504382
1890.5526766
1931.94654095
3853.21661174
506.031588289
353.742003128
2494.27423976
1344.16470998
904.715890808
863.180632004
943.221493811
1310.40627993
1783.80815632
1951.13871452
444.963266887
134.002873253
406.646052987
0
2766.09223423
442.017686885
1892.63785059
1077.45943705
2614.30465897
659.200899944
1588.28519862
1588.25113679
1588.63805872
398.704683316
448.878791832
1333.7077338
3432.89724436
844.817124749
525.679617158
3428.70351198
1335.24587026
1334.75580194
611.459939028
1117.35958758
672.967835737
703.552782513
1190.73137767
2493.43025869
1064.1204108
375.775204504
1064.47290406
1313.94898707
615.446376551
454.131402601
664.213711622
707.593433715
606.370537281
1186.55411997
1185.59286152
912.644236102
1190.14997634
628.652456587
1344.82808137
1184.26127342
430.351789403
891.261407231
272.223406174
2238.73772136
1113.83395726
301.142761356
584.147081419
359.050838025
633.953897224
1194.63857837
21.5019037663
893.677353058
688.922805329
702.588884109
2028.31157962
1955.48864481
1047.75297766
1056.00083797
2610.389186
507.836946133
692.541459837
0
1727.03765372
1006.04219512
2126.62076497
1990.19867797
262.492116263
1312.29322417
666.570037318
464.703464598
2137.49958727
695.013827844
398.733573786
22.8920130188
2672.38666154
1682.74244518
406.045170226
370.116713211
0
1228.04840775
2615.25358974
1322.69785804
1200.69605803
2614.54736413
2260.34362899
1411.79311773
1307.59239414
616.304001017
1196.54975024
1205.26703615
1163.0003154
359.205448746
712.25493101
0
671.303221909
586.379941814
745.488197748
1086.71041574
935.764400601
2160.85387878
0
786.157425703
1277.86392468
0
693.608099618
170.721835763
924.861738807
1174.57826641
777.175899216
829.518945804
705.219625422
1744.12539118
1378.21796356
1750.4811539
2694.9673887
1771.2915685
1751.5446786
599.301403347
1182.22726002
2053.00866835
1370.49841879
684.532948666
591.339257149