1060.44546065
1413.48195146
1392.26907194
1401.91440325
1412.22641163
1407.74979434
1410.9098261
1410.62160324
1411.42832583
1410.79537337
1409.23789489
1413.57271201
1412.00414034
1409.58701715
1410.6154273
1411.81852104
1413.15644843
1410.84003181
1411.58285926
1410.59544461
1413.8736214
1410.31942758
1414.72249744
1407.14601679
474.665633164
353.406475384
1402.66976255
465.19681238
1403.73751506
1260.99097002
1268.27431566
1062.84956946
278.824099865
242.433711662
412.987359391
1251.74057763
1255.55004744
1258.26681114
1257.50806864
1258.02698011
1256.83098822
368.804248346
1867.04596545
371.158552788
373.67624134
373.064166781
374.131445117
374.079230823
374.143353766
373.625148234
374.116844453
373.845746576
375.062189566
373.699988996
373.543675701
376.673440461
373.185919911
372.67997312
372.620077775
1123.55448404
1493.51270506
423.990966801
389.412426616
387.655293055
381.830147259
373.278703447
380.604917599
376.325061932
391.796631823
373.336790373
373.443338939
368.294848281
366.474511205
267.067176442
853.315761542
410.43524142
413.583210499
1250.79764904
1256.2932553
1259.36951412
1257.76129679
1258.54349965
1258.64334372
1115.10433087
1120.72801054
372.42990009
1122.3642185
372.772114891
374.655619005
374.557212256
374.826492325
374.116495794
373.814228644
373.961437684
374.586517178
374.252988528
374.002043593
373.988459984
373.927923775
374.257247754
374.464918699
374.775472977
375.14181541
374.946969192
375.10134821
374.485891259
376.163126196
375.961322888
375.908818275
373.619396403
373.978347112
375.798081568
369.540241949
373.804193923
372.522357143
374.862142823
368.598753751
355.128562946
346.98109038
349.058555467
350.952669922
352.303787348
352.796839831
353.624189569
356.046239486
354.36678469
356.589140037
356.906021309
359.154804608
355.601462539
356.184029349
355.610067513
355.554940994
261.717809303
354.764277745
148.779153771
341.843049562
340.209349614
355.260529115
358.820772166
237.819343834
302.485996427
183.298663825
347.704424747
349.060026275
356.367731003
366.946498992
106.97935363
234.601965673
765.337625286
697.273009515
242.979286059
620.776421327
241.838716475
388.617488767
867.773003468
477.04032374
227.264660371
856.984583383
1587.96067202
347.231833275
348.389685465
349.426966321
350.380960066
352.319744614
352.175170257
350.066423711
1393.53018758
1402.57278794
1402.75888676
1406.43051077
1405.71799068
1406.78789081
1407.66995538
1407.27177289
1409.9367407
1409.351638
1411.42874377
1410.59170866
1410.96142479
1412.75490519
1412.07403492
1411.64216539
1409.41067278
469.546836996
468.808437278
1057.86912088
349.741881688
1408.58367344
1411.88161943
1408.94819749
1412.1267146
1408.0122904
1410.87993026
1410.5231445
465.083141725
1409.65647461
1060.73771782
1406.39174574
1406.53464189
2345.82310711
413.031886444
414.053872661
1251.1833195
1255.71176731
1257.68212326
1258.16770576
407.968693402
420.124078366
373.565140146
372.261730483
372.471960981
372.892684031
374.68308949
373.544975024
375.693901542
375.047909572
374.256944993
374.627100189
374.400657291
376.395116843
375.491341477
375.255411827
377.125258486
378.269113134
400.044467677
376.899320806
376.057293105
379.084096534
387.730035334
391.379939428
380.564962061
378.330081119
376.115787547
389.834074831
397.597667065
255.359140438
415.088044358
410.481665322
418.063576034
368.567970124
408.542441719
413.988288718
1251.59495784
1255.51253957
1257.26067686
2512.92749055
417.01442718
415.71681016
368.289701254
371.469995464
373.414248115
374.705801963
375.621837582
374.472392071
374.269110364
374.991141292
374.617332689
375.593797219
375.872562755
375.676724534
374.031041031
374.747759556
376.442861209
375.567181858
371.747492124
412.244751393
422.686150596
373.615498232
367.580989006
367.405207539
368.263944053
371.257024455
373.601984909
1186.84458506
1183.74661323
416.143988178
424.002562182
180.482751655
144.166784222
352.027961083
350.771346359
349.865502354
350.980050093
352.331515191
352.681646512
353.402927591
353.973066199
355.058513717
359.993971545
354.371658695
355.22175856
358.799816536
357.045536536
355.837479892
355.209331
354.603230782
187.0970886
164.376148199
199.96696843
224.947861381
350.482996494
218.544837115
214.969843971
219.359347254
206.649458993
708.915019838
220.361961714
687.905451873
659.205699492
209.163517933
560.618709906
712.407377175
194.59816834
181.86478343
177.998408952
192.142385144
201.258239541
343.913809547
346.31595879
1403.99698492
350.602633275
351.683379872
352.729471629
1412.66099788
1411.67524572
1058.41347411
1249.29258814
1255.06107714
1259.02451011
1256.06131445
1259.74169609
1258.2790813
1257.71890329
1261.16010762
1258.80494454
1258.77066497
1258.90601708
1263.16241913
841.442341598
840.167667219
842.637788789
842.239549995
415.243107261
421.502366007
418.007707767
419.26163119
415.767033179
416.980093946
109.269706695
834.411083982
348.469970629
416.321368105
1254.53247131
415.256855019
368.026337991
371.469624471
373.603941119
374.320432793
1121.68969934
1119.56453671
354.821894181
352.065741507
353.242190678
352.416628486
353.62984117
358.651256043
354.635473083
353.680204981
358.772862369
353.448507109
354.511672571
358.524556652
361.141704042
355.523414057
353.24450463
354.108576392
354.393912229
346.941540779
374.546433603
364.029695919
365.131799597
396.530770875
378.371026307
349.156338948
353.952483872
361.859377008
361.932730709
372.108538548
372.453266051
371.339397515
372.535002793
373.647794018
1121.20191404
347.927748083
351.619735168
353.687228756
353.197258861
354.938321476
354.80988195
355.18944447
353.884297345
353.917620297
355.666370468
353.657443291
355.993206989
356.33095455
360.499184065
349.753698148
355.216851145
355.418579625
352.685194626
355.498291826
357.137839215
359.861805834
353.066709687
354.341298615
359.691167256
360.624199115
351.20032894
352.396771184
348.001370182
355.817847794
352.753598027
207.448719663
186.481686955
358.472044203
351.610141177
153.657920838
362.789627894
331.989703079
154.334850914
224.455403124
153.515585947
227.326262053
212.786150648
231.759343636
182.76937828
189.48300438
175.90702762
173.953150437
257.420259732
227.725232998
212.76351256
236.622190639
3689.85970771
367.957218981
1109.74312764
1115.37674846
1120.22566311
1119.76416469
1119.04979582
1244.98501055
1251.56364376
1252.49630369
1256.51114605
1256.59897134
1256.37552562
1259.95932502
1257.99070245
1260.95681682
1259.06821102
1261.7739583
1258.85072015
842.040608193
836.889065225
414.636081262
840.972897254
1251.42454356
1248.61432159
413.003122249
419.571777939
1253.93689227
1258.25264926
419.321164406
414.665384254
1116.68347062
397.71795738
416.880262112
418.593566885
420.844926466
409.852446404
370.532784984
369.167010531
371.319902784
372.962033275
374.108148219
379.240882316
348.075985806
352.14051127
352.084093268
353.831432737
353.239723528
355.623472856
360.827109384
354.856491263
355.493146237
355.674088658
352.454058718
356.543531344
355.23145031
361.445723683
361.722635947
346.772869522
353.950936807
353.152314718
350.253217474
356.388075057
361.82080097
357.871936486
347.542173578
351.013415516
353.357676951
350.428463858
356.9091259
354.986538381
148.82844099
350.733802008
361.797963777
363.499587711
373.531812939
372.143353877
372.927128408
373.40013227
1120.95131003
1117.34286683
346.722088488
349.780467087
350.244695318
352.80880161
351.937872106
356.258158808
353.974067435
353.951271356
355.367195255
355.133275054
354.08708372
355.099109458
712.199436187
356.746594331
357.680006736
356.12938021
357.692526505
356.143345133
356.873131047
355.785968969
353.077600806
357.85755967
359.944483808
361.013095958
357.758944095
343.232210743
229.451717771
253.50976239
244.093199164
362.093316682
358.159940932
353.018297797
1870.86621993
1892.74247426
1896.75894208
1742.20179531
312.093124405
313.064316109
312.340293958
313.171186282
1257.15571324
1574.99705157
314.848786461
314.156615025
314.191226486
314.541690709
321.781197373
323.07148999
316.037723302
314.936359042
316.226201803
316.538126896
315.963500383
314.349712686
315.083069498
315.394722108
317.455874537
314.26569021
316.831970979
318.825253086
313.257311381
316.24969632
318.001751796
314.567770591
775.702035868
788.262320459
744.793502788
781.762338614
341.080727736
386.30055099
257.402541222
926.991786151
357.567453823
713.879816364
321.413507211
314.125094471
784.870139202
181.979255398
186.586200745
208.838211843
192.819236128
779.85464353
1763.59066554
1028.55891613
153.170900149
1532.43352871
185.275920163
821.782878808
374.774282541
405.87064036
381.442534628
378.551272296
388.992182351
383.435528506
149.49794765
1173.13631024
346.317385684
1401.48263184
350.043517976
350.922131527
351.117429084
1059.63496224
1404.55687178
1409.77093536
1408.05292911
1408.04630424
1408.36282063
1413.42166565
1410.49633943
1411.55466565
1412.31579811
1411.37682426
1410.72124047
1410.62650469
353.215238767
352.007299528
352.268314662
1413.2175924
1409.76002155
1411.10733164
1400.7893014
1410.54159328
1413.38066458
1667.05635568
464.582867014
559.152112907
560.914965122
413.592550172
412.181717211
1251.8004441
1255.66640265
1255.17329513
1261.51404897
1109.49320027
1117.17015681
1121.85287093
1121.39557436
374.283711489
373.870807447
377.367541257
375.826737233
375.460771631
374.692033641
1251.08149915
1577.85502329
1578.95516339
2520.79507491
1580.11614216
1580.89452691
527.019704197
1591.33116795
1577.89212079
1398.45019207
1406.62605968
1408.74729714
1409.81127916
465.825387059
1409.22329491
413.223602026
1253.253665
1256.01418538
1257.19683887
1249.51869404
1254.55707644
1116.3919645
1121.46108604
1122.33653132
1121.65892683
373.325477338
376.530800003
374.285959084
374.20134115
374.598693372
377.598531619
371.759487793
363.202179198
363.555334958
361.501985972
363.082842548
366.205481834
366.386743027
2235.75604984
1119.22206077
1126.36068767
1122.07726401
1391.26201345
1404.58724168
1407.84015232
1408.92392723
1415.40139592
1410.7785546
368.576292766
374.008588099
375.323234141
376.532749174
361.499423599
348.695144883
349.574779219
350.805535042
351.851646432
352.300270274
352.281814368
1412.96768304
353.115116731
355.975765282
355.444952068
355.114860783
358.501082251
357.872739942
354.738763463
354.917480187
355.191976397
354.784391623
354.300980298
389.407393684
351.541676762
351.57133261
397.10573681
152.323827791
360.263393687
351.688497532
353.992512259
350.805797818
346.321051239
347.53450642
349.868489812
350.89150774
353.086622266
351.722122766
1392.32570783
1403.64771428
1404.08051657
1408.45554991
1408.42314646
1413.40197217
1412.14868908
1411.27715835
1417.34994651
1414.81686084
1408.87509959
350.523688164
1409.30873131
2106.12488043
351.852372363
1411.59238272
1410.69256056
1412.52818748
1408.28171556
1411.02324798
1412.84995702
1407.52844167
1409.07098237
1410.75507713
558.865800366
411.981271681
1248.73533016
1253.80791854
1255.0928055
1253.52388696
1106.02747679
1115.37926523
1120.72876883
1122.17132502
1120.5407305
373.792986634
378.897039575
375.719031917
375.060014067
374.030015985
375.185377898
1573.54511263
1578.41634146
1575.55272916
2518.00545731
2524.68295476
2520.61798017
2525.12535429
1892.25795795
1576.41319753
1400.52850312
839.765537679
549.960628149
842.940785688
842.975945505
410.649166042
1250.68714694
1255.19269283
1257.53489199
1256.14312652
1255.36731525
1110.27058296
1116.94297814
1120.9714685
1121.72281391
373.55760277
372.485455264
374.862607393
374.649777289
374.063223475
374.04449142
368.839992565
356.357014509
1407.81068729
1411.70917603
341.994537638
2098.9218968
376.198846809
1116.10904083
1121.55179201
373.992000634
367.984182274
365.962626004
1400.650379
1662.89461508
1678.87876652
843.078328952
559.547700171
470.499796545
559.053638598
1126.08271715
1376.80107675
1066.60068236
350.93082084
349.192208669
350.551394956
351.798036418
352.751032992
353.264920487
357.015038467
353.090680585
352.801570351
365.546578059
354.44861844
357.619187563
361.084571983
353.719673534
354.003841705
355.076787615
352.713931417
360.957291448
347.550839786
347.437436243
349.623443052
697.632235633
347.346112841
796.626881335
1059.11013401
354.488739899
352.453037941
331.572675305
347.208372823
348.923589214
350.425750241
352.902762848
350.64198903
1058.72094759
1249.13338693
1255.37725818
1258.80165509
1256.17384481
419.007104387
1256.96870814
1259.71369055
1258.63290465
1263.34482774
1256.74482723
1663.90264343
1668.22202302
1676.95301741
1670.42733792
2101.98978369
2102.5598461
558.344916517
2235.6979746
2238.38154145
3898.62995078
1397.23488571
1406.21003016
1412.27002579
554.986553963
468.340871429
372.806152639
1116.00529352
1120.26818056
1120.28800011
1117.42100079
346.735945595
350.698821214
351.920505481
352.44771329
351.466104583
356.735161553
355.174007693
356.894708559
355.993965517
362.468845841
1250.64581515
1255.95093171
2101.8431414
2103.20985614
2102.53315091
2101.88837123
2099.41222111
357.892651795
2237.27856501
351.709826238
1397.64001525
1402.62129446
1673.69687513
559.32522028
558.219352658
344.312225732
370.805219372
370.222970938
372.835772071
374.1338511
1119.71959272
349.35780681
351.914863529
353.732693173
353.087753764
354.54476025
354.845388963
355.370666345
354.517361219
354.440389148
353.597021976
352.449907451
1401.99810441
1410.89063026
1411.83491524
1410.99928499
2518.8510733
2521.75682663
1413.92883769
1410.04940351
1414.54146579
359.2078317
1107.20314916
1115.96259978
1117.09055497
1120.18805496
2243.03009612
372.380533575
1410.47867315
373.636140336
371.801783106
370.140721474
1401.09486696
361.864729459
361.340074686
363.038101291
470.027245397
357.378043272
376.623322858
372.219573496
374.029849031
378.76566455
348.167429379
371.294750989
371.680129391
365.105970391
932.583361133
1858.1067084
1859.38062955
1860.30377289
1861.61859699
1862.33652597
1862.43573093
367.595057658
1110.09574071
1115.70467696
1121.69681367
1120.39047775
1117.62605624
408.807584929
1250.45070636
1255.11889949
1259.23524413
1257.77652773
419.742716821
1257.69802493
1267.83195464
1257.16858539
839.856839322
1662.2506797
1667.62994741
1672.66629882
1255.46314381
2101.44955622
2101.45613291
2101.84175927
2236.20276229
2237.50572843
419.331550211
1113.25387099
1395.04825711
1404.94278821
1410.18915068
1411.66106018
1108.12128998
1116.2374289
1120.15394731
1120.60979713
1116.90378838
352.870899648
351.18204499
354.253675771
351.584136455
1060.22420428
1060.72630274
1061.83975018
352.577887169
355.529950922
354.471155901
1250.12741869
1670.05997666
353.56103548
2103.05682885
2102.35719878
704.364790302
356.000295613
357.302541128
349.73010732
354.860129531
1395.59291729
1399.94337277
1414.35183957
1417.95866694
1415.82923802
366.566145088
370.809185105
1116.9630844
1121.50125392
1121.14588571
349.294928843
350.229493252
352.436737043
355.747996298
353.242484004
1060.7550446
1062.0578499
354.117996399
354.540932698
354.075263711
352.42244361
1403.4644093
1409.38289579
1412.24999943
1411.08249491
2522.57782808
1412.36389601
352.858510653
2518.67620179
1415.03033546
357.028602202
354.65356766
2781.41100628
2787.44975456
1117.2022507
371.765202953
464.785668559
370.415206049
370.469715118
370.752931229
373.44885234
374.669316859
364.172651691
314.692048914
311.168101734
1253.5828311
1254.97583483
1573.97606338
313.605284152
313.652839897
314.554733821
1873.52409761
934.550423643
1865.25206986
934.20627559
354.84668115
1575.25781874
322.626032937
315.122458581
314.146922754
314.079214355
313.539596389
331.281709547
392.546096453
310.407059693
314.551981134
335.620370783
402.749664585
308.968151863
443.911105535
479.292122433
481.881852221
346.33914622
348.417886223
350.781188685
352.135262252
351.707012203
352.757970617
1105.88869146
1116.1332852
1123.13128097
1121.17005381
1120.59357459
1123.7451916
1123.88774363
375.19326689
377.366474634
375.569375941
1395.74663473
1406.73718326
1408.79792646
1409.70007452
1415.14380721
1413.48688174
1413.06265479
1411.57997821
2347.59421417
2345.74788079
1385.1818423
373.598675822
1118.23337013
1119.60752262
2240.11192181
2243.08282488
352.386613743
350.792752232
351.103054735
350.127772478
350.050615767
343.659746244
1252.23704466
1255.30457686
1571.26895411
313.707969624
313.44834417
1574.37605578
332.008257891
323.056982869
305.587372309
1248.35500184
1405.22821913
1410.22698133
1414.45545656
2520.69982548
2520.6918338
2522.16979096
2523.03537948
1408.39764777
2342.82660005
1251.01737018
1390.13210604
1113.63679967
1117.47056982
373.381932211
2242.90449851
2238.35162791
353.872122372
346.105050121
349.247869698
350.358137946
350.763408807
350.892253144
353.666389652
337.668694752
1255.10348528
1571.93055618
313.182266277
315.99759611
312.841945054
313.665499335
320.213374737
316.579565479
1320.15847203
1327.7129581
1328.53340183
1574.18597521
443.82688618
313.614338367
318.262625071
443.101684864
1325.81201132
1325.17679977
349.661643814
349.331217347
350.331901595
350.645597139
352.540366591
350.920549172
352.33550953
1060.5731936
1405.94540382
351.045333024
348.434233641
1058.51750339
351.652845551
2640.70354867
2644.05672973
2644.72904426
2646.55795608
2647.22066884
4413.86133135
1764.55214677
354.606161536
354.917517814
354.05102401
372.385127475
354.785778302
361.371767691
352.19073345
541.779337341
400.483561214
383.177798593
334.539687451
347.319396293
1050.57322146
350.216133565
352.215506334
350.292389406
1056.92653461
1114.89903798
1117.53021239
1120.42855604
1118.04721243
1122.78681324
1119.77698862
373.818152473
371.167577743
371.535157999
374.103619278
1405.26853853
1409.69489279
1411.92018728
1410.4799139
939.758088268
2521.36828546
2518.92381807
1408.7346391
2344.0504525
1412.18595411
368.387949301
370.879420746
1398.97827637
1398.16925269
704.698081657
351.810084175
348.411735362
350.179328006
351.457479583
351.733506074
349.961464013
343.673404536
1252.61791142
1253.1358501
1572.72019106
313.553225961
317.145035147
326.004337527
352.775088281
355.001176276
1410.81444088
312.54133971
1250.65927883
1251.63852531
1253.39759376
1256.24500334
2520.88855563
2522.16594698
1255.61984321
1248.31655581
1255.99283768
351.145837089
342.628388821
1404.43239069
702.177509846
703.384417176
374.17690472
2238.9117105
463.948771344
469.337351455
370.760603103
351.252052945
350.633040032
350.930454723
351.47829664
350.596555277
350.339695299
352.471933013
336.06043375
343.449368157
312.103125736
314.176485072
314.729792906
312.473474262
323.354058845
328.842002758
314.313921041
317.533981356
322.389484908
248.645842822
790.692904145
314.245592807
361.41002217
322.682064576
315.999681706
319.885407004
334.692572531
352.0248636
341.845010505
327.244923384
320.662994706
352.063185346
785.60683817
667.508912527
489.997356294
951.398588782
175.418314089
413.982774295
243.653938477
407.629817843
350.124761304
240.821728866
947.227285236
330.103327745
761.096426644
866.782610859
244.128033359
122.48361731
186.611985006
803.341036159
232.369273512
249.247488818
250.980542034
406.297243239
859.390127967
402.385443607
365.1489384
235.720739643
857.739068696
771.377206207
946.606500707
244.126264174
355.399737557
352.111874564
361.453077065
374.113436013
789.557995941
912.014542268
435.880231482
795.158528719
379.955572836
736.286554519
343.969559332
350.056981284
484.765603148
385.93587789
704.247459919
351.011827042
349.850057496
350.311742799
352.730046788
470.173886898
465.214171748
467.487832112
466.353992503
466.917387682
466.721489544
467.192719415
467.459401606
467.125228346
467.373664325
467.691947186
467.67327622
467.133120244
466.776769421
467.280127055
350.339893016
351.018088967
350.287385188
350.828028952
465.636354268
702.330630099
352.928258712
350.397427291
350.338438357
351.064949741
351.553977077
415.079627558
417.411866176
418.211856724
413.79307349
1114.51484086
1112.18175518
1113.67265755
416.232801702
441.017157202
471.044032493
463.968774841
368.245358153
369.84545233
372.701008967
373.707659488
372.814548102
371.408225457
369.880965887
369.699467365
369.520676781
369.544994553
368.406709983
373.420641809
371.882745223
370.921203766
370.283658612
370.651929898
370.196611861
417.118154386
417.160055009
418.042009549
410.941113844
462.2055543
1112.51307011
466.355111599
464.140556504
465.903960357
467.362949694
466.412235891
467.069437508
468.256437595
557.322700053
704.469986901
702.237279368
340.080865865
347.468744411
350.564039069
354.279441136
356.970739983
358.340131929
361.370453832
359.328024883
363.661066834
362.499345888
365.412235548
702.248243813
701.464333857
700.099503224
700.580620707
701.517884253
467.525283434
351.503304624
466.096110057
466.502152355
466.687338624
467.062599902
466.748654644
466.58370263
466.635072748
621.41389268
622.665224922
623.082940566
622.766082242
624.408437284
623.457332619
623.107706111
623.262268344
626.32968259
622.745156498
623.809585174
623.109291738
622.689383351
624.210462232
623.420156031
623.024387327
621.430170632
622.880749554
700.772537402
350.531797719
350.064776361
466.862471535
466.88421318
465.658474455
466.02549915
466.59593842
467.153123037
467.224598445
466.88359498
467.2573702
467.067413942
467.255352807
467.063456716
466.708687845
466.520652993
466.927443603
467.134556076
467.039224697
466.910320763
467.643174437
703.828146563
351.883495428
350.254262494
350.711851068
350.402356343
413.338812573
415.779085267
414.959642708
415.019129669
1112.64420421
1111.53931766
1113.38424065
1111.57974811
466.780874112
465.682703985
467.392842004
465.827462819
627.798431724
622.864540084
622.005253283
623.065738281
623.571639177
622.780419367
623.460525698
623.120019637
623.981782918
622.932872307
371.186981451
369.942750572
369.268217644
370.645686555
371.673683904
371.248981966
370.895513399
370.352768849
411.124938245
413.473361452
411.762775994
368.911898045
1113.15737835
1111.14070941
1113.34180515
466.328140422
465.736796879
467.4155827
466.821908023
466.665194673
367.433446254
364.212003775
360.461888991
355.095564392
356.775161009
357.063685525
357.114391609
357.516863257
357.005778693
358.149733114
704.683261395
349.211436573
345.480811071
346.898846291
343.098233506
340.027464527
345.618495396
346.610156249
347.437495089
349.14104938
350.612916952
351.173473963
350.659998119
350.645990898
350.690812349
350.836195807
350.83911016
344.442710955
625.809223439
622.877762711
623.429125104
623.781307889
347.821091056
350.184476791
353.619668415
351.47516696
350.555439682
622.838668656
623.644440599
623.307878986
622.989511717
623.9429979
623.566589316
621.339150237
1407.20667842
700.590704561
350.305115548
349.834734221
349.744444224
410.743169879
415.646054182
416.145986734
414.553986442
418.235114808
415.339057757
415.807023044
415.870791897
415.505097763
415.597545106
415.511393323
415.827768123
419.549068368
416.800948003
414.776284993
417.125248659
408.520310748
410.76425952
416.430712278
412.3165295
416.808524064
420.899332849
417.89133333
556.045935231
398.329179224
1113.23473188
1110.97397361
404.937492413
703.173143537
700.433424121
700.187874637
700.532299838
700.171172665
700.58978331
350.508441677
350.942710896
350.751959411
351.506768502
350.411355921
350.868797398
350.059368709
350.030991955
350.144709022
350.242523837
350.07074618
349.809954451
349.234836096
350.069994902
350.460857833
350.118960142
350.254110924
350.708830762
350.367479805
701.713557207
708.798158973
1110.81993576
700.250416231
1759.62273125
700.045430422
700.238072058
700.526072929
352.187691407
352.21287827
352.362622135
352.869064313
354.129412703
353.019382897
352.182881828
351.76513045
351.419688021
348.241152343
347.63860738
345.5877908
344.306234116
343.240030028
343.890851804
345.193382931
346.885927844
466.454456113
466.750261716
466.759708886
466.837018252
466.313850797
468.921467597
700.601043575
411.3938575
416.150198812
208.621557734
415.661436292
418.28937782
415.428241084
417.875570203
416.648208535
281.708856602
468.726997349
465.659606725
464.494377192
467.625153282
466.371887743
465.498141991
468.02187879
465.258759138
556.815814394
467.087734207
349.239227877
348.475238306
348.305306012
351.606192421
362.805283733
1111.36564681
1113.37423002
1112.14405084
413.913236583
417.6556588
416.225174839
415.812250589
417.291081459
415.369616234
415.176175583
415.918861184
416.511250691
417.18728257
417.971267343
417.9888923
414.794651926
416.860688817
415.388990658
411.608422536
417.26506988
416.399889353
414.593205212
419.077421645
420.36808602
413.443582431
411.049849297
416.217854509
405.308004992
1113.47527886
1111.90026776
407.043295405
711.023658202
699.838102019
349.916922792
351.320670754
351.015933529
350.915230683
349.939295084
350.3826716
351.229897251
350.678907777
350.641876584
350.51232105
349.138282297
349.828595462
350.490198804
350.07846595
349.970817198
350.130570355
348.197856361
558.628949873
349.810513709
465.373662765
467.726196183
466.399627462
465.948762172
467.623327124
466.745289148
466.872718862
301.008655021
703.1062904
701.229040328
351.841560465
348.568119388
347.34725973
344.639549267
349.47349467
353.874992238
353.222513744
347.84300386
345.218069076
347.985167007
351.804672624
352.561167343
348.059141155
346.169744398
348.822216433
352.700439982
464.694095857
467.278141522
465.739202917
465.503190595
628.642281362
624.345490637
622.613260098
623.466484919
624.314233536
622.229769157
622.623771372
622.740302968
623.333648019
623.484899352
623.469401472
623.48973973
623.582633264
623.659812104
467.344667665
465.165421455
466.575228845
466.919019501
466.850077148
466.745408717
466.547401706
466.822642359
466.962216513
707.736414763
371.804008209
466.354586835
466.596021201
466.478112113
466.983189538
465.770694948
467.793877848
1407.0562661
700.720014981
700.283161408
703.39040971
1111.1349302
1111.84702697
1114.90076694
466.874733559
466.592161608
467.204311965
467.309436411
467.077617857
466.617878465
370.547484863
372.787633729
371.364658565
369.010154464
371.008517301
371.623211609
369.917674871
370.577153335
371.316155157
372.564486004
368.905282841
369.87225968
371.121845925
374.73946127
365.221769658
359.059336046
350.920015847
620.834564538
622.843556263
623.257097388
622.981003004
624.147818137
623.53275883
623.009848455
623.284076576
623.383137479
623.481657413
623.758376082
623.87643003
623.435226558
623.294584726
622.605994388
466.638347943
465.907916105
465.340490499
467.28745928
467.159399156
465.676431994
466.594830013
466.78419736
466.982840928
466.392315378
1760.55683684
700.758242066
347.468883421
625.734413741
623.205924297
625.517475781
620.683462591
626.431454494
621.164215223
625.633399782
621.943880288
625.585368596
621.318513907
628.895813415
627.05397327
626.026884519
624.94888933
620.115258929
623.267394177
430.594404964
441.408361117
443.873597662
265.723167619
430.925045596
430.365650882
390.417394321
389.690812775
428.523134977
402.122232787
390.910658186
339.574446804
347.880241445
350.051942759
350.032888045
350.482350565
349.881647184
350.198694286
350.93061024
350.85866
350.834309989
351.31317957
350.101987203
350.23794231
350.837871234
350.239811614
349.872019946
349.913742296
349.766971536
349.630765603
349.42322771
348.881632032
348.767918295
349.121350595
349.531250685
349.228795074
348.698473021
347.351849564
702.218226417
348.050145685
352.977008604
1111.64731736
1111.69480372
1116.59628471
1115.49492005
467.011589329
467.06133839
467.335012065
467.471974352
469.34854564
468.510124686
465.94449557
467.240746309
467.712394517
466.938974609
368.552876377
369.438244567
370.880034308
371.015793458
369.942556038
371.406964289
371.434373007
371.206410395
370.22875174
370.738009557
1403.58834995
702.347611236
628.06951988
624.31186461
622.797593177
623.419454261
623.474913378
622.347726052
623.073895877
623.129179257
623.527857062
623.961135627
623.634985217
623.139701196
623.675975466
623.353348523
623.684904994
466.854239907
466.725511175
466.272571746
467.364781024
468.104524992
465.892356006
466.699151541
467.191313795
467.022795596
466.537254358
367.331053128
1760.15779169
700.364400422
352.198917222
626.114886372
629.104622221
620.77823521
627.419009611
621.387820967
626.619371789
622.815856949
626.868653084
624.330680301
400.228234558
621.833042117
629.297057105
632.159231735
423.213618686
422.562242704
392.037821687
444.575881802
389.702822933
396.558269193
417.221579574
395.912412874
390.407578687
392.035393258
394.93653802
395.403766957
392.510460284
390.071721397
383.449436826
352.475138884
349.682912264
349.716035433
351.996542416
351.264255872
351.708584282
352.177875612
352.088685626
351.582540293
351.319821623
350.925873675
351.17190789
351.222731256
350.768612328
350.784834618
351.177693563
351.169076368
350.46036984
350.158867372
350.562503587
351.080839779
350.42136156
349.664521109
349.873041677
350.188684177
350.686676566
350.833592394
350.149309748
349.769620667
350.184110076
349.939369638
915.66758902
940.236017151
937.679873632
939.189701584
466.200935823
466.663153744
467.187857537
467.214965063
466.894770067
466.952848275
466.881752709
467.058867906
466.678034769
466.545718372
350.264613873
351.832085874
350.457697948
350.109766301
350.839431716
350.7669501
350.893942798
352.139857149
350.389961132
351.675894438
349.966195083
350.482234943
350.969952671
837.726790981
831.455202473
832.295361159
834.953135028
1484.51966239
735.440776847
742.893084378
467.145550292
466.391173123
466.085772161
466.517576641
466.966610939
466.660307115
466.655735742
621.125712765
622.291758478
622.720308846
623.242908447
623.256977283
623.476267933
623.016660979
623.495219804
370.758077802
619.104062093
622.68549825
622.089131369
622.342708527
414.501010022
415.095392786
413.669963806
414.507457565
756.412819798
734.538168098
745.998199982
748.08670142
738.445862238
2241.3629738
2241.22992086
2241.12533252
2240.88420808
558.303364686
555.330548834
709.39753982
345.260982964
346.837219846
349.812497276
352.415438953
354.904041608
356.492943884
355.825313886
353.183205414
352.863814908
353.309088987
704.060855805
703.256873617
701.650527659
700.830977567
700.814467932
700.929007587
701.067910715
700.594603329
351.257779063
350.26951285
350.937929502
351.10068981
350.519670483
626.762293682
624.889370854
623.445780427
622.643275286
623.957649637
623.226802819
623.494871602
623.441836121
623.561714689
628.474117515
622.113299849
622.907801373
623.451911506
624.396103437
623.024319981
700.270340115
700.585846029
700.28295821
700.666133306
700.456629828
933.623187216
936.094648948
940.024860495
939.09798601
466.317878163
467.164629292
467.127386293
466.854478637
467.054809609
466.946098964
467.067787982
466.931337104
466.931422082
466.570345885
350.01548616
349.438606999
351.098356342
350.102432413
350.302269879
350.907720624
348.475069964
350.493660873
351.26890034
1677.99953775
414.714785219
415.879452268
418.990014358
414.837824321
736.778838998
738.354986945
1111.08631256
1113.52853447
465.019412296
466.482046805
467.183618511
466.341535204
628.5386
623.76263983
622.116031037
623.663921531
623.841373042
622.40150062
623.407383132
371.533479685
372.974026442
627.289038379
622.838495178
622.423777686
622.634086278
412.944959499
835.640793085
835.965870594
839.695648538
428.032034982
1487.36370352
741.189132782
745.352075548
466.281196435
466.485032317
467.022792054
466.582122633
466.031965372
466.880537636
370.245161882
362.694807535
361.209527701
359.020648076
360.432238245
359.700368905
359.598082851
360.186435916
359.36746641
700.604344834
703.584897633
346.141086235
348.577549887
352.028087419
706.656274754
703.767566987
701.083877687
701.215785739
700.78233879
701.124910201
701.968954613
702.816200984
466.360510123
466.812715011
466.842770093
466.582885804
466.567000926
628.597860655
625.705496156
623.13951585
623.255563947
623.514894601
622.676041399
701.267272139
343.387436313
701.329195975
701.150500176
700.874380939
701.281071027
623.43324255
701.163633882
700.933266083
701.037434906
701.234072986
701.151014801
700.864041022
700.876179887
700.575085103
700.612677528
701.137561778
1672.75742952
414.536257927
416.285346707
836.080025624
415.290594913
416.423975118
416.599740187
416.721998578
417.842061653
417.240187461
416.198814986
416.32419641
416.932868071
408.088238214
414.435559725
463.077721939
469.684247465
465.493562489
464.020322071
470.785539618
410.59668623
469.619239966
833.52522397
833.814968128
468.148035414
755.290381713
735.979553249
745.15445647
465.471458122
683.513753599
703.408123598
701.069479072
701.565600254
701.826432578
701.43855564
702.133362512
350.835689186
350.634505607
350.886979986
349.722767971
349.948913642
349.722390878
351.181469868
350.336265954
350.061218142
349.961757034
349.34427633
350.832623715
703.157131238
700.994907172
700.896470386
700.820504196
698.82356166
696.11978655
729.105545783
720.352945562
712.20890981
718.03078093
708.5607702
701.163428827
700.695325218
700.703743753
699.97671575
700.693859836
354.046252639
353.436364126
353.521464963
351.158604449
352.383669781
348.33613835
346.072368115
345.828964456
345.048874283
345.342950923
347.552612525
467.310559202
466.971914466
465.796172075
465.531879551
466.493803712
466.775333398
466.286397715
466.538902309
467.287653653
1471.76026476
416.741583397
419.599100718
207.552417641
207.390479312
466.79662698
468.23921866
462.983456621
281.729079402
467.145959732
465.028609043
467.653156672
466.959242701
466.062908998
468.132372653
466.366941465
466.59800945
280.160265514
556.072501935
554.134748818
463.937209299
467.242377107
466.230298091
465.58253121
468.178052674
554.770492664
419.088731717
414.25920042
419.0348378
419.362646042
415.713186331
416.576144661
415.744261026
414.123657863
416.072502455
417.184312993
416.256408028
417.860878494
428.403080742
412.49976886
467.746334641
462.262982711
469.117945759
466.079338187
459.046071945
468.705068702
465.446631949
465.153965438
756.87006058
734.790768331
745.539193651
468.364754399
463.431710817
705.881080406
701.633346119
700.793966123
700.861072569
700.55138674
700.581236654
700.624063269
701.135904951
351.495904493
350.260541288
349.708726607
350.406118543
350.996162108
349.464338392
350.679533219
349.869794791
349.666582336
349.023494484
348.6787101
349.847607948
350.741340826
465.054929429
352.184633225
726.850440157
465.487186819
702.433363835
708.749075753
702.386040081
701.597932123
702.370865096
702.672619525
701.191446236
701.464871314
466.988230179
701.616557855
701.768345436
347.324659835
467.49321805
353.41009094
349.31180411
343.363562965
346.849198276
352.747287238
352.259344697
346.932982198
344.915845081
467.063384679
466.218014958
466.521553454
626.733928203
623.608107494
623.20447612
623.509851432
623.346452942
623.581047586
623.719106325
623.823339741
624.591574817
624.73245934
624.504730199
556.191573772
556.543189826
556.118365014
555.544473397
467.416915668
465.988669125
466.398153315
466.71859835
466.610987526
466.93984362
466.812965244
466.552370553
370.253871728
557.137694222
372.443720569
371.514027209
370.035563178
371.139193528
371.189635126
370.968061445
370.401547437
370.46488783
369.87258887
1485.11213679
740.150709808
741.974959543
466.939441093
466.165149179
466.814601586
466.850381981
467.495868592
467.121894752
467.30265285
468.879041396
467.188300342
466.582359185
466.829140277
466.67185993
466.872661491
466.880100281
466.373109046
465.148956904
467.393087676
465.643586988
698.641553299
703.625604332
701.244636079
701.336988997
701.596449255
629.08844743
624.498436261
623.585597735
623.736102697
624.050104083
623.064652391
625.118494803
625.767884024
315.641485433
467.872318616
466.049554473
465.596907672
466.223474197
623.445492558
467.259741871
623.554818308
624.27202282
623.968052587
625.137456165
1397.44432506
624.039077721
709.660709408
703.874658285
701.0879157
701.040033833
701.988791413
627.328602593
625.585614738
622.798370137
624.472597818
623.547417781
624.947746166
621.616404536
625.970621982
621.441208009
626.334029712
617.503215545
629.558391011
405.81173623
636.576879955
390.611306752
626.996561159
396.554147319
633.889475147
420.928288167
441.478758377
443.29861482
393.759715999
408.294155864
787.613914811
389.929909373
390.020236359
424.289391179
353.825105235
354.163601065
352.514164176
348.929311401
350.33348027
351.030936929
350.331924591
351.112670541
350.921326274
349.927120745
349.822900731
349.864202463
350.386640939
349.995931076
350.446129835
350.093423895
350.377557322
350.348832877
350.77747726
350.76158745
350.657005919
350.622536165
350.725992717
350.853448661
351.150359658
351.241146
351.478366488
351.600711059
349.853005271
1485.59567823
1487.78938399
467.052077328
466.35498219
466.977097258
467.196506014
467.154893522
467.138720721
460.481634679
466.592824916
370.695041649
371.232243686
465.713377738
466.792824046
466.125902779
466.424444841
466.721680741
465.422151845
467.646899696
466.95562512
466.86763204
695.397007727
702.265550882
702.695824057
702.515579287
701.482911541
629.106634971
626.646462614
624.423748309
626.16539352
626.299169918
624.103053767
624.623418194
624.192424958
624.674028631
624.580021828
623.841437338
623.5220948
623.447410606
623.105112286
623.706199696
623.935692706
624.398842989
624.068053297
623.889614613
623.80991653
624.739803395
624.242997946
467.225045319
698.784453621
704.445430709
702.19231686
701.609351357
701.38351743
700.67925198
627.99907734
628.995553377
620.392469316
627.762982774
622.21527814
626.22614574
622.921558227
625.687870976
622.917154394
625.044180605
621.813253413
625.745458893
624.170389688
624.1771627
622.244537192
623.468901302
624.818017298
624.981806069
623.505159795
619.872954702
629.790889114
629.855619473
628.786273185
623.425200722
389.044196441
396.328172049
409.004876533
392.646429587
381.193314591
353.321799706
351.135162255
351.675037066
350.724074116
350.651815267
352.03911408
352.521528193
352.174344827
351.373187098
350.528619099
351.122537705
351.680862901
351.002208915
350.440475249
350.862155644
351.117763662
351.305938301
351.402963283
351.384074538
351.137206799
351.123176488
351.899509459
350.956442174
350.773866158
351.128558697
351.112233364
351.170052163
350.853278259
350.608549229
350.622172628
350.57321692
710.542345109
704.751630249
700.240983176
700.219659019
701.233096223
702.674940225
350.576290577
350.434332335
350.090501156
349.63788513
349.882197005
349.892184188
349.972858429
349.761005252
348.050480781
349.002724145
1106.78541641
553.002293753
555.074121662
1111.59774611
1111.24358125
1111.0889381
1110.90846246
1111.11640223
1111.79973546
1110.92558125
348.991909339
350.215073413
350.062276237
349.352199823
350.62724732
350.971760177
350.415714316
350.16341414
628.511904956
625.876769366
623.463662049
623.379183071
623.31109863
622.047207869
622.974465356
346.338081788
347.869495989
351.434803844
347.842368859
348.482428494
350.4469335
351.356902452
466.232192106
466.060094568
466.481425131
466.006923054
467.216778882
467.14976691
467.81331798
467.010094441
349.346060543
350.801417608
350.514368891
349.001972963
349.464390851
348.297064674
353.32092216
350.989013809
350.094471288
350.535026717
349.458841879
352.527451232
276.904866272
276.29788467
282.509162792
275.577804192
278.191460232
556.395399499
554.233351303
555.757186659
550.993551278
554.775646587
555.028019714
554.110622088
554.5012919
1111.11966938
1111.33225543
1111.33654537
350.246507803
349.332368675
350.145574941
349.00110429
349.936584325
350.177491699
628.958362295
625.377614928
623.479422664
623.426853694
623.431321769
621.965820616
623.273202499
623.217308764
623.524968415
342.883411834
344.279682287
350.395894966
351.912778643
463.542552141
468.016247088
464.05854848
465.393483804
466.622541276
467.594059338
348.755299862
349.923058278
351.9249861
350.455387419
348.163983751
348.686863016
626.541587096
623.367466819
623.734100247
622.897645348
623.143491482
623.61732089
623.813120496
624.047696408
311.791527895
327.632318693
303.386833354
552.599802874
624.037701802
622.509883634
623.885756859
624.540920999
557.571695119
555.56005334
553.995122688
554.953587568
1110.84210648
1111.37387476
555.412712861
554.476093469
554.669162725
556.896271307
555.997927951
372.399631356
366.761214905
624.21794578
620.792871092
623.016000664
622.650657621
622.887593385
622.678537664
623.137827459
623.313159688
623.535266547
623.98468407
622.68119659
624.05371751
622.895867617
623.056805164
467.470294099
463.681109459
468.854853887
467.913911109
467.017501327
465.926559133
467.56847336
620.783431085
623.596739715
358.307477393
351.956968621
345.44368938
346.488520708
622.155050724
624.02538152
622.606928458
623.16824345
622.420340364
621.430877262
623.709767451
622.946908166
354.850169707
352.902010321
352.623304155
355.807277724
355.476698008
353.206475109
558.857318729
1112.33941971
1110.35909271
1111.85746219
1111.27810884
1111.44218744
554.904481383
555.042643868
557.304140659
555.579652035
554.96178279
556.083574548
556.899224578
621.933520432
623.788028939
623.035828481
623.263449095
625.515261405
623.921899443
623.284355259
626.289815125
621.450153232
624.295647628
623.07650058
623.330062118
467.168174038
467.113182163
466.675106593
466.415081496
467.505943555
467.432087688
468.006453594
467.438694681
467.323684056
467.101923197
467.151111998
468.790828704
464.92087614
467.19703797
465.303580742
465.812857037
467.078325617
467.249098424
467.387284363
466.793949047
467.181999711
467.567300293
467.05066111
466.876180494
467.175152054
466.863209086
623.748503057
350.714159617
1578.56507061
1578.33274771
1578.29824806
1577.38620582
466.015288575
464.347694469
466.179829634
467.595818657
468.591842745
465.059469958
277.610508241
559.935901087
552.050647504
1392.29855517
1393.5501001
627.260853782
625.145455761
623.475583266
623.480002261
559.771847874
623.543629431
623.007823571
622.466184408
414.813080965
414.929166239
417.828205166
419.39164758
417.049588407
418.521709472
416.761467095
415.363886381
417.922520495
281.110632098
277.931416657
622.605058987
623.314278392
623.978472319
619.521472001
415.70121403
415.107512036
415.819411432
281.277692504
532.656664529
272.791369858
539.172957613
794.02767564
793.334031729
539.334108474
415.483163967
539.177749916
521.74345017
349.686456218
349.76470808
348.998572776
349.814150731
352.026801572
348.400778232
347.32010432
348.098260349
172.003864518
378.76317657
354.243579656
354.78618003
357.26321804
281.721013657
353.944091192
354.624444035
1393.80691012
354.448109912
623.517986442
619.983137494
624.404170468
622.495207715
353.082428711
349.96996814
351.94756968
353.04649293
353.859908319
436.837574387
444.977068616
440.799888545
442.588862274
443.137417648
441.698119925
441.459001981
442.010750395
442.133443271
441.686883602
441.144651555
442.000627417
624.794628039
622.332842488
623.475688593
623.311903743
623.491009377
623.435042522
623.778718092
622.036957433
624.395139839
621.8908142
623.279856768
270.994630886
626.140930488
621.383322604
276.693417621
621.103421175
626.94373178
531.735419173
275.22530518
435.593622049
543.101712098
442.68525217
440.934382985
1109.81049644
1113.11190337
1108.94593639
1110.49851754
1108.58508887
1108.97610114
1110.62822407
552.488717559
351.682289406
351.439168194
349.542001656
351.794224732
351.290356977
350.46650487
350.508065749
353.50685319
622.236759755
622.817139408
622.516691391
622.528662189
624.977386989
624.448412391
623.129128002
622.810608235
624.227582267
625.150733956
622.99639198
623.527086626
924.187119879
467.846425499
940.689453035
466.658684491
466.589266377
467.526696363
467.410969975
467.782908231
937.145027723
936.331501783
935.852334572
936.197142013
348.280888666
350.623612485
353.337272237
349.166185192
345.618768324
348.134183963
351.330271721
353.655512093
349.18070116
346.602026906
344.546332855
349.421026051
351.414263734
350.754927111
348.48969721
1106.89232114
1108.13861923
1109.19055981
1108.64458535
1110.04882561
1110.19965462
1110.9842085
1110.74590323
350.917012323
351.184458321
349.709381326
349.436966075
347.169393417
621.828335035
623.252191037
623.174449984
622.618776757
624.501156532
622.959094305
623.303048339
633.262681518
620.000238344
622.248475767
622.073567577
946.187839418
468.329068961
934.357823562
933.418076257
935.650543209
936.656445246
937.94334369
937.444864611
936.405360097
467.956616854
467.878190582
467.036654979
468.004113345
1251.92854827
624.241423048
623.719626401
623.520534388
624.974410942
1250.20109171
623.745878761
1249.34502508
351.354621599
349.343010412
348.927596235
350.717245628
350.754333786
350.134446476
555.064280838
555.008234695
1110.89679428
1109.54322089
1110.56631191
1110.37680299
1110.80901138
1110.53831302
1111.47562406
1111.92386843
380.233877504
374.081881002
372.491862352
627.122540731
625.010804453
623.440519211
623.072788904
623.861243798
622.747838351
623.840623486
628.701422399
619.31808034
622.605546529
622.600040151
622.529030117
920.502753973
938.136020747
939.395003323
939.5577527
937.467670743
935.641827924
624.405579343
623.928656579
467.150584655
466.506254179
466.469366898
700.446308024
467.175174945
626.278538027
625.28307417
622.454972407
623.52418659
623.973233566
622.044426685
555.595571793
623.289799915
623.74177069
622.958021492
622.823795592
622.953193375
624.405289578
624.922730424
1109.09149546
1112.89799906
1109.42909445
1110.0929705
1109.23551769
1109.21271405
554.270607126
555.74919926
557.402610409
555.543963816
553.979537406
555.753320198
556.631325266
620.959498989
623.392897485
622.905880245
622.727666488
623.987839553
623.402948653
623.200778457
356.385217367
619.504347612
622.277136634
622.35816505
967.351080347
943.519421142
936.304650216
938.495980667
936.891996944
935.701226029
937.134868246
467.441604766
467.163241643
467.530081574
468.04437609
467.91982355
466.556307726
931.716836335
934.073841043
937.971778245
938.328217524
467.333069639
467.304206957
467.803961922
466.563854142
467.013116862
466.383687899
466.300952106
622.928369759
342.264776273
466.522828388
466.869497957
1051.81036919
1047.47102073
1052.54434473
1051.19704263
1050.68699416
1050.06632187
466.116060138
467.072261195
467.255591292
468.998547141
467.190908842
464.568664861
469.275439869
465.636842868
1395.56687386
1395.04841494
1392.27647603
1393.35717467
623.456940309
622.889787332
623.036213034
624.557748514
618.960001922
622.671428363
621.565577125
623.275639502
413.435777549
414.192060306
415.925833839
418.333516591
418.590411341
415.114781987
418.048473984
417.573257862
414.639311552
624.671401009
623.512848149
623.306629201
623.395096845
624.59507674
621.824472402
622.099449351
622.71908376
624.651859449
622.731350803
621.191711705
272.887648743
415.532942677
414.903413021
414.324404889
414.233067379
524.706626187
413.919620365
417.636924739
1057.53881198
1049.23767971
1053.57136436
1054.34152422
351.637184687
349.020656277
350.943012498
354.009705732
353.963828308
522.438949756
384.925132122
386.3642155
353.450649477
352.711687945
350.274452572
283.059045954
558.218603699
1394.58383726
1392.61794349
1392.67608342
621.517966278
627.999337312
620.550526089
626.020502526
620.855948747
625.937939819
346.898224165
347.626203378
352.58688644
352.152374719
351.377390313
350.227844057
351.209869295
882.953802776
884.06818074
884.257964581
442.361623989
442.363056679
442.619979696
442.800164529
442.647225316
441.536749477
440.224614175
441.532956637
441.414775694
441.898396243
627.945335084
624.591486801
623.632294474
622.580033037
623.977923102
622.543102145
624.174118994
621.276714423
554.281955487
622.625693662
547.209752563
622.321850685
274.493701979
281.293703633
274.79140973
286.556878216
839.671616972
545.305147443
424.681931173
277.655469069
537.547220985
797.007987688
543.745240569
543.641057321
438.49693638
538.099266048
434.418008091
271.188633943
534.032777316
437.86503547
442.387299529
444.423876495
438.530456416
441.620727033
287.624430973
441.615123471
434.568931517
440.624745419
438.459307266
287.8271268
272.428334754
430.641820614
275.646913192
442.273376137
388.606788043
365.917622983
284.051791945
437.122891867
266.210441791
287.908912429
258.585702688
249.922454267
271.878050188
706.068853771
702.958890699
701.121724978
701.50322761
925.476195067
937.588449905
939.132041347
938.295012271
938.132263799
466.652519313
466.670901865
466.942656879
467.048497164
465.646350391
466.954508843
465.178681308
465.9326136
467.400858006
466.657806799
468.557580519
470.342765527
467.453968823
350.901202114
360.045191973
353.998083748
348.783849677
350.637206034
352.904827294
465.804141873
351.28745601
467.723416496
350.759423487
348.929071416
349.461757578
350.485691491
349.915416365
349.437828802
350.357169229
349.355872079
351.431364513
350.091631079
835.370942742
831.422380718
836.320747829
834.655301948
735.751539233
743.631313801
742.237365869
466.944939987
466.986789082
466.253311193
467.048100013
466.181542436
468.941949991
621.766126508
623.251653082
622.899763445
623.202864365
624.179845437
623.129366302
623.22546607
623.026968322
623.559299366
623.252750364
627.854219532
625.794464745
622.900990619
623.331005405
623.505036759
622.557053927
623.467062781
823.804431902
836.167237479
832.003179162
836.634148257
736.061558927
741.327748271
741.125010635
466.190530793
467.037512663
467.110703474
466.55555928
466.579094904
464.354188355
709.562002585
708.102781305
350.950932136
352.193724732
351.635598586
349.18563195
350.232019852
350.685462058
350.101662203
349.455960153
348.626334776
350.795138244
350.480144714
350.432165839
703.137962869
701.758309794
701.763281003
702.475459725
701.971758698
466.915901026
701.176285599
465.378948107
466.330661282
466.753123515
466.561822811
465.998137111
466.794940391
627.389702609
625.431641861
623.209866022
623.066649613
623.640703524
622.617511606
623.459250756
623.242751574
623.518856878
623.435231822
630.056130025
625.431210555
623.723308233
623.261734961
623.604144466
622.913423842
623.707024078
625.617564497
703.772300856
701.722336828
701.229150678
949.265339218
935.466455677
933.38146366
932.149078772
936.337657602
937.158981257
938.132869378
938.316545844
466.906664814
466.476466091
466.197544975
468.192444025
351.51403204
349.445760241
349.414490953
350.105021953
350.475240263
349.305313248
350.429180376
347.910652368
345.030718368
348.824596353
351.569541719
350.547945035
350.916662647
1676.45431821
840.094186898
831.223246124
830.858445136
733.739952613
742.336303813
740.540543041
740.706571489
739.60570787
740.015396727
466.715296672
466.041796675
468.72852621
620.930309778
622.253447915
622.406178055
623.289270187
623.508223684
623.147327655
622.975253186
623.361527502
623.712722565
623.370585741
623.077458873
623.843835166
624.124078604
623.879684125
789.301576315
788.377491242
787.357978843
808.896659093
1670.60391769
833.291118109
839.49565245
1492.10106546
738.8802719
743.482904224
466.126876915
467.006481019
466.403764318
466.563674053
467.074210958
466.14286598
281.812744515
466.451277007
353.521628565
349.356304167
350.834776021
351.188537246
349.968118895
350.195912289
350.222193431
349.727719929
708.489993751
351.157099357
349.911438494
351.089514277
706.043473252
705.36794909
701.295002058
701.186105402
700.829118104
702.094251207
701.826237079
701.099046124
466.424269408
466.435324786
466.879027367
466.486392601
466.310609114
627.889517789
623.849209729
622.367836159
623.333881773
623.806541496
622.768334703
623.246104669
623.379978102
623.589685799
623.433100616
624.328725509
621.62470355
623.053311894
622.988087119
623.551027926
624.045978545
623.123820316
623.626749249
700.913000367
709.018122858
704.99590814
701.363328393
701.816681236
701.783417657
835.537746701
830.155354407
836.674633688
834.685294436
835.57536475
555.70860787
555.392998052
556.292775876
554.71653003
555.579474913
468.285758582
465.871626476
466.716463075
467.111061881
466.206502572
466.36368256
466.37199822
465.604114734
465.080502947
464.830218576
465.100056107
465.688313912
466.397407456
466.998081555
760.05646799
733.960629095
745.390780918
710.372017384
701.135794579
701.369730124
702.190776989
702.710152523
701.391304641
701.051444042
701.501652841
701.41674919
701.547152722
465.573294308
466.95672409
468.045385697
465.678970438
467.449435554
466.470513073
701.004663212
700.665160044
702.725538686
701.899528637
701.820873824
465.940253503
466.965227587
467.365698179
464.260982628
695.174540616
729.621338373
702.675290428
704.839807876
701.998394124
701.053121852
700.970213459
700.44793961
701.194810919
701.7097774
702.692856058
703.045008033
703.859403223
556.807056064
700.909971566
701.572286597
701.762751896
701.683322469
701.172968908
701.093869657
701.8835579
700.982814478
701.129677786
701.505310346
701.519051835
701.628211287
701.675864562
700.948428195
700.800712332
701.39083448
1468.73927608
413.7507095
413.656516041
700.664569973
700.979470463
701.189074608
701.941645908
701.3417303
700.599121537
282.220954023
465.896228943
465.78793118
467.628098524
465.501228826
466.422798562
467.273120561
464.699076216
466.576701096
468.115004331
705.5328053
464.761380554
460.21951201
466.837146064
465.851407752
466.001807164
1483.75869571
1489.15545876
740.308383658
740.504845012
732.579260945
844.434274436
832.128274201
835.886331308
835.559514579
833.7253616
836.635220677
556.355516349
556.201802021
834.609150567
285.713117759
466.183641967
465.198834677
466.655507855
467.266394615
466.529301667
466.135780581
466.403648499
466.390257664
462.719089353
465.879595874
466.079346954
371.382922004
370.5324404
1486.62067094
732.893797874
740.80886977
741.375103033
709.741037444
702.739433794
700.718523777
701.102059345
701.617106948
700.889996729
701.162548712
702.140443316
701.286159478
283.020397409
464.1488671
466.047654684
467.504884619
464.888394362
467.909445083
701.565734992
700.505584078
701.875515271
702.11693404
466.790647484
464.905453412
701.548152187
700.999803413
701.591888653
701.083403517
465.867799092
725.570608379
747.96965274
693.315347023
708.525793579
700.706939844
701.13758007
701.852477836
702.262134716
701.390839052
701.148194161
701.685256001
701.794012647
700.559721662
558.390454171
273.166430646
466.128043642
466.453445496
467.165721071
466.377061234
466.003195246
466.75532124
704.333516202
467.394879883
467.081020292
466.618041115
628.66159274
625.469678015
623.673562875
623.690205942
624.382639341
623.889923966
624.318292076
623.836553472
623.862878262
624.518409517
624.567610535
624.550003852
624.020618985
623.244602808
624.526877811
466.340401339
465.107006432
466.030545604
466.880893777
466.939931392
467.019601057
466.444432788
466.535340299
470.043051894
371.16406419
466.365127294
466.304758696
466.480322379
467.519556723
466.744949075
467.018229357
710.092428996
704.60622097
700.941043716
701.656711414
739.385256839
739.518201495
738.136001432
737.035446437
739.625582503
736.410760387
467.00433938
467.834652434
273.953603568
561.18377648
554.527697543
466.328383988
466.818173636
466.565346896
466.368303367
466.866090075
466.525977228
466.567580859
467.283283235
465.949876328
466.388235855
466.919564079
705.805827594
704.140591457
701.80539239
702.473640976
623.175609531
623.755102646
623.324644097
623.789623815
623.819086284
624.324729123
624.095486929
624.7344219
624.893819847
623.791268368
623.542921583
624.864316903
623.759340378
623.912192392
623.705534899
623.522118305
623.558774186
624.326511155
624.003869947
466.71454369
465.841643869
465.829443594
466.389747029
466.432835052
702.515113831
704.254853011
702.048967207
702.800234955
623.864088226
622.901874442
623.900542359
623.424138311
624.840266916
623.127536303
625.438469755
622.339851276
627.574260113
618.747314048
634.987681731
621.519362332
627.108533823
396.316933007
630.085251517
624.870053237
628.919528037
421.162051585
632.419891378
441.919904654
443.696533314
421.478218322
410.801837104
395.60657235
388.935550022
393.334338776
397.436851984
338.823900863
348.445466373
349.930086928
349.750758855
350.996652951
350.040749892
350.24236067
350.601085066
350.569631025
350.874195021
350.770781985
351.137365094
350.429800738
350.155857092
350.523607718
350.535760874
350.132250669
350.340720886
350.538712528
349.460300811
348.877918209
349.59045231
349.90887754
349.461262087
349.835062824
349.691549388
709.909364389
704.304333697
700.61262265
701.392211103
697.677546517
727.383576285
737.504290661
466.239337878
466.759994445
467.176135938
466.76050276
467.100861239
467.305978081
466.256854324
467.69559062
466.665986018
466.015239995
466.753205557
467.297172966
467.37438369
467.042765953
303.505498653
312.002968299
295.296282647
466.653519577
465.456706146
466.34212747
466.97184344
706.514319734
703.938189905
701.566204257
702.075904057
621.787561574
623.583842775
623.002918261
623.530047661
624.914826248
624.475600429
624.39605777
624.485963464
624.701312909
467.262930911
464.871531115
466.300613684
466.9662521
466.557764104
466.673545859
466.598081928
466.443413913
465.859492005
468.815883317
465.820057797
465.991808886
466.412445491
466.581163544
466.958334576
709.539047321
704.271356291
700.686922729
701.572713477
622.764104762
624.759953492
621.933313513
625.533720787
622.197492642
626.761518826
621.280662184
627.665884386
622.829239376
633.336402729
620.411085386
623.382909462
627.826679442
628.579513125
624.670897976
624.100606019
621.904260002
624.309165426
627.86205505
634.061842454
429.112122775
398.05698297
389.215640495
389.481488586
396.283845571
398.386882755
393.342572693
380.015639427
354.325200239
350.840687511
350.535402752
352.13058763
351.661467275
351.799520571
352.058048706
351.998097673
351.994860737
351.371724711
351.105928057
351.401519908
351.206364936
351.134179106
351.284099818
351.119751288
350.845555875
350.864748211
351.315982781
350.612150378
351.117963291
351.201249792
350.564770815
350.994285339
350.828226609
351.441061185
351.36476285
351.009680719
350.732773648
350.726718152
351.217332888
1876.59704261
1881.1524398
932.917483085
1878.92986498
1880.89017043
936.507352945
467.131973405
466.980174167
466.975825396
466.337687084
466.531230476
466.852510931
466.186611034
465.640662735
351.91585458
350.615558303
350.735588652
350.661832842
349.762497907
350.230734171
350.891367589
350.679000516
349.849859411
350.641206892
354.167487523
354.541719332
350.264931485
351.063676325
350.7368646
1675.77566893
836.040737292
834.784420162
838.907268712
832.821977647
1477.37012022
1491.03660356
1484.60885039
1482.08544676
1490.16678953
466.872112323
466.507107374
467.171893219
466.550434557
628.406335062
623.11793652
622.367419893
623.139070438
624.153121845
622.532629647
623.178150849
623.061255327
623.550626097
628.979358944
623.635011708
622.298868143
623.016369774
623.78946072
622.985884549
624.148169513
623.21609775
624.15989995
1476.083881
1490.12664283
1486.27436376
1485.05940684
1486.63339171
466.287577429
467.331573645
467.093891916
466.378965617
465.399836595
346.812758527
348.780866354
350.880698006
349.746405673
350.683800882
351.006434314
350.355173651
350.59322584
348.834069625
348.887294903
349.499031499
350.744763093
350.742422336
1410.35828568
1410.14009382
701.750866544
701.341149527
701.82753877
1405.58867873
1406.48116172
1406.61265871
701.46553649
466.674967516
466.498148897
466.710047698
466.974554965
466.949443299
465.134846999
621.287359074
622.467487962
622.58910722
623.396527252
623.049248974
623.414825834
622.810416255
623.58010044
623.166848589
299.847800889
625.750500962
622.765956632
701.633396368
701.156393405
701.301672093
701.105097076
467.533066237
466.716503654
465.980556024
467.583552104
467.657914995
1876.70302219
1881.12681121
933.995622724
1878.17628622
1882.16683435
466.804992137
467.163622341
467.032171672
466.994775639
466.847397639
281.94784091
703.356663753
349.095376803
351.678519803
348.281139769
350.552296924
351.712931786
350.150963848
350.776044895
350.99651513
347.226550511
348.332468518
1673.54087026
1669.51380706
1676.73411806
1673.73723539
837.613866095
1477.95574345
1490.94177537
1483.66514361
1481.55883353
466.660834251
466.606771565
466.939444629
467.081323838
466.658257396
466.656534889
620.596030058
622.997319462
622.218391678
623.377035159
623.725362868
623.092527615
623.266738899
623.251416588
467.12296166
623.956452519
624.980954558
623.027138206
622.191327194
1677.38171378
1676.03365782
822.723867323
831.69905312
468.764504429
1477.77647987
1489.84178281
1483.1914666
1479.36535983
466.777921163
466.570250121
466.912684405
466.868978614
466.386773143
466.603529287
467.641347745
704.44185173
350.126592639
350.940082078
350.554699482
350.633375298
350.168593472
350.585382639
350.47037909
352.395096064
349.044921903
351.199739175
350.450853102
350.152041768
1408.11422458
1410.21361471
701.288387584
701.229289662
1405.69062289
1406.78754132
701.01644942
701.627808819
466.611602153
466.680634913
467.061618985
466.951535316
466.730166446
466.688409497
628.537176064
624.72497132
623.18144679
623.020927583
623.89115101
622.50866912
623.155084179
623.295198171
623.179586387
467.08278392
620.320453259
622.410946702
622.359537708
622.98862941
623.745471294
623.191789394
623.069941457
466.356837514
467.976984962
467.450458252
466.315638508
467.715510309
467.105443304
1679.50140157
1660.77059626
1670.41276919
834.206154034
834.667742302
556.804683713
555.492520891
556.432421998
555.350610851
556.15286888
556.255019501
282.349286443
467.7751643
466.011658052
466.689692164
466.707507247
466.71784284
466.777425228
466.542346658
466.104614524
373.139182881
467.636299125
465.887652079
466.600082548
1477.50659705
1484.81710337
1489.37020058
466.51547108
466.061040424
1408.56964623
1409.44727074
700.972948502
701.004990846
701.146859862
700.465752898
700.835936594
1406.66349249
1405.71107286
281.273740214
465.649334357
466.260382651
466.308430681
465.131379173
467.677277936
467.05371772
701.298356077
701.415187154
700.250942082
704.494375754
464.263159987
275.232641363
1476.09169934
1484.72872249
1489.00115904
712.692428362
1477.0362333
1406.29627482
702.848612567
701.065272968
701.223902527
701.797025319
701.398662348
701.498462853
701.577402332
701.491791698
701.270210506
464.934017183
466.647331798
465.345471058
465.789739277
466.401224929
467.152173424
466.596630767
466.467751124
466.495733634
467.294615676
466.411647812
466.718243411
466.593306578
466.653777552
467.173496113
700.909678489
700.995607299
701.946681484
412.399030554
416.780255503
208.161385962
415.963795892
416.836067093
415.415820597
415.55933087
415.602338606
283.721486077
465.514174437
467.070150999
466.770385547
464.948826439
468.092176225
466.178397422
465.326681543
468.641464513
465.865166062
465.882111861
467.621151293
466.450570946
466.850671132
467.823685821
465.526108742
467.081165486
467.44522867
465.291444813
467.345805043
1680.20810442
1662.11531857
1672.46083416
1673.77278157
836.083173631
833.860613396
555.633331783
556.153390346
556.204881006
555.91660006
557.016894089
466.488842862
465.840510527
466.353629193
467.11789122
467.060768901
466.708067312
466.893457242
370.609643593
369.961272636
281.863255846
557.317805005
833.317253532
1477.21878118
1490.40664404
1483.75360911
1480.86837353
1490.75672391
1403.73641257
1408.43966779
702.475953419
701.229337367
702.08978898
700.582628785
700.708523102
701.344004561
1404.56530988
1404.74135986
1406.35235603
1405.45506852
1405.51726583
1407.51015191
1404.48262516
1406.49973482
1406.08860375
1404.66646941
1407.03619526
1404.9073946
702.019388283
701.268745911
701.781574879
701.90618969
1478.41001687
1490.35922199
1483.60545464
1479.91502137
702.114881539
689.49675619
702.116379857
701.262145962
701.408651259
701.899804867
700.564715517
701.465774421
701.574039763
701.617170465
701.053607314
479.583685015
467.556468154
465.821161139
467.097029154
466.881326523
466.833510431
466.756525347
466.788041057
466.525084632
467.60991988
556.41535306
701.081140816
701.5172826
1251.95757508
624.837409237
623.135710895
623.84460783
624.074472353
622.969841467
623.821234837
624.514639742
624.520370848
624.52348285
624.164778181
623.65943916
623.844725332
624.168801645
622.326979154
466.085733523
465.174824968
466.608959099
466.987317186
467.028115394
466.712280999
466.595504952
466.691897163
466.393500731
466.135166217
467.638461786
372.515544978
372.300620875
623.559860472
623.1115292
622.93254246
623.773607698
1477.82743674
1489.89300595
1483.70522518
1481.99423319
1492.07083933
466.677643474
466.75272143
467.124755722
467.382522131
467.398309348
461.345719056
467.223381033
464.096841501
464.488177763
466.184181138
466.61272303
465.827824035
466.011399309
466.586052275
466.145222305
466.252188583
465.423732608
1408.33004546
1409.84420684
1401.72031211
701.429266862
1408.22346457
1252.15145037
1254.31183189
1252.46934476
623.733435438
624.016415078
623.078821958
624.584291131
624.537197913
625.580380742
624.791985483
623.73285355
624.743560948
624.838003394
623.464094041
623.121096724
623.58322882
623.55753396
624.437217119
624.953576307
624.782529274
467.78624479
466.811370692
1409.78744275
1409.42710049
1403.41468881
1408.38184486
1406.91857346
1249.94180638
1252.94588785
1252.60835922
1253.56928892
626.664256777
621.264454848
629.614380021
617.899637447
634.201011278
391.87678915
391.603324889
394.646340598
635.835342117
395.472250718
624.82642857
391.4196274
396.474435766
397.46542615
395.057634198
391.510195362
788.548796267
391.403225934
393.314178034
393.595372754
393.621488654
392.309053072
392.577914868
344.347004079
354.591638104
350.698927137
350.570067827
351.390533401
350.59384602
350.846423123
350.606913463
350.282235716
351.048178325
350.094173143
349.644745624
349.4632884
349.652404102
349.844751832
350.116246941
350.083182136
350.110669013
350.532398907
350.998485333
350.206484068
349.789068021
350.035139201
350.584209475
351.368981952
351.476573837
351.725254967
1469.67716177
1479.57886323
1484.44667451
1490.50221852
465.728018736
466.65082475
467.084241169
466.899002503
467.018891728
467.198780761
466.972484899
466.5515034
467.100937272
467.355729456
306.141865263
299.453875832
314.467023917
296.920155721
323.001232282
303.349889906
293.950640894
308.348581857
297.033498454
465.953819937
1409.25620472
1409.6306163
701.37504962
701.453246251
701.719927712
1250.69342156
623.668039423
623.52586947
623.671202629
623.964700459
623.590902738
624.221018607
624.234565548
625.384805318
1249.9605211
1251.31337547
624.003735289
623.691582397
623.601441503
623.601092564
624.050383798
624.060573486
624.383797545
623.619983193
370.566328603
369.808298913
369.528152998
370.160927949
466.941538079
1407.78244662
1409.582527
700.819401183
1407.89307279
1406.43592702
1409.30467524
1251.55313618
623.782032676
624.869425721
622.519531607
626.182235917
621.145594056
627.808324008
620.377812381
629.011221587
621.605250361
627.757783706
618.608688585
624.154987344
624.262624939
628.002151544
623.033425448
624.662071987
623.525488591
625.695304011
627.509198258
395.286734761
390.530922511
390.898464986
395.822541237
395.097206151
392.467069104
391.959832824
394.946849761
395.476732272
339.603312456
352.643534845
349.335620808
349.403260027
349.922222315
349.461790377
349.994547264
350.041409409
349.766290726
349.78767633
349.122183569
349.218897425
348.997515628
349.657278918
349.513839437
349.398069308
349.26853258
348.965953352
349.574035802
349.099163157
350.093791974
350.319209633
349.642068227
349.713505385
350.476100351
350.502040189
350.733802649
351.408360974
350.755134194
710.788808978
704.55617429
700.763278294
700.715149064
701.416273852
701.468279031
702.021235774
701.738744764
351.518182072
351.852456554
351.612947793
351.137840749
351.903643267
351.561180038
350.442951543
554.487832829
556.323179943
555.163318812
1111.54490546
1111.0277699
1110.75133528
1110.85670619
349.643650019
351.006488126
350.144568175
350.83985351
349.883555198
350.214261632
349.891206226
627.751356894
622.270112654
622.559701183
622.559512862
623.546049478
622.66998797
623.272482856
623.094442127
627.509787774
621.400652445
624.243368136
622.11233028
623.272763879
622.945298687
467.731199437
465.262584742
466.602152584
466.664564469
467.493629482
467.135670426
467.43638872
467.464948411
467.029280615
467.002514494
466.947461145
467.035473183
467.274127851
466.767433049
466.665278876
467.11744277
467.817831773
467.392427714
467.050591335
466.354154778
465.990032207
623.50443545
623.28126336
624.030573486
623.951011293
623.66227501
622.659087488
622.621671542
623.485801342
622.640651813
555.034644366
554.863769226
554.917801866
1111.77306894
1110.96050028
1111.23892504
1111.38073038
1111.45939372
554.991786854
553.458738729
466.607719517
465.664470982
466.840183802
466.524483633
620.37983565
622.759170111
622.305263514
622.637909002
624.369461654
623.581815856
623.05564068
622.043212146
623.608527656
622.549267343
622.984291125
621.954837277
466.412387852
466.40675984
466.763062216
465.982028377
466.73573972
467.091657664
467.702445882
467.152946801
466.929154424
467.659057577
466.853620467
467.525563368
467.184161873
624.198390749
623.908466503
623.723611085
623.569678258
625.244505484
624.296663154
623.724736361
624.03484895
624.364418036
624.077515946
623.831531071
623.658654945
624.06872374
624.22461019
625.676012277
555.155038333
1111.41849641
1110.32927142
1111.41081354
1111.12549967
556.056376885
554.492174228
555.362855158
555.844747319
554.171350816
391.441699484
553.968332279
557.835960691
624.451217026
623.65101738
622.678063945
622.407421416
623.948351316
623.617910013
623.624616447
623.085399488
348.21100865
620.030551354
622.427770974
621.998244555
622.840428758
463.007598519
467.27014676
464.963752814
466.5714863
466.702215066
467.646069986
466.859566857
467.508893086
468.071898824
466.583818772
467.676043499
467.037849233
346.853519111
344.047882764
344.629924949
622.946953581
622.04181008
624.277445224
623.504612102
344.459173438
343.290969385
350.996214523
284.259004653
282.789281557
344.165102178
283.955123677
558.722078149
555.186426844
554.122472302
555.122505169
1111.05804773
1111.01939678
1111.1515652
1110.91396766
1111.26016892
554.83865302
555.22550273
554.750874163
555.789155553
556.752043011
622.375118991
622.783878816
623.148844683
623.28991688
622.657972225
622.709447256
623.139605424
623.847511497
624.122493984
622.586658355
623.305773663
463.182909056
467.344433602
464.573847958
466.18586861
466.884440204
467.419606306
467.175758076
467.038251958
467.316712164
466.988825189
466.88426279
466.902380972
467.720003718
467.727441998
465.485228736
466.277730023
467.34013199
467.600364106
467.181878263
467.574442333
467.073468169
467.137160288
467.068551823
466.907769374
623.07576243
623.150157642
625.514167388
344.451588306
337.907015804
1578.10082846
1578.41820813
1577.99200966
1578.69219009
468.405348781
465.450279507
465.960049391
466.197993137
468.478377766
463.567896671
468.050074939
285.607817071
555.811974236
1392.18292128
1392.77647042
1391.66854173
624.269075331
622.302881122
622.954880405
624.966993098
622.458345172
623.409685309
622.738563
624.322924744
415.317864221
417.150930398
416.895451559
415.105876633
416.411883808
417.16471017
415.233718179
416.50104097
628.082889632
625.209862649
623.670424832
623.521655609
623.703811999
622.115842814
622.757780879
622.549524962
623.06074184
414.902412097
276.216558965
786.996378652
787.985067834
275.457826131
785.589228503
533.594383421
525.665239943
787.673063778
540.211873127
173.321586407
350.276068112
350.573515782
350.349503659
353.144003474
352.607224804
351.439354425
176.193059749
351.791501454
354.113090857
351.400750229
351.815393686
352.626928146
352.368523358
352.04207237
352.821699913
352.241907022
350.410909107
353.531244883
353.418800615
351.281556945
351.867322637
350.359784112
352.681122031
353.537688098
351.195973674
424.245038596
443.443199303
441.774182553
443.216801135
442.541102923
441.595599817
441.621752502
442.062914903
441.402625493
441.343986394
440.719805406
623.778135048
622.610075276
622.994976472
623.350130049
622.500226009
622.040048484
622.781556927
623.572507117
622.773779561
624.115818617
623.708152147
623.503459242
539.658017323
622.730345883
622.686514192
533.202898694
621.694383007
524.958724806
530.700155311
443.226878176
441.847868413
438.826766628
1113.00072033
1114.80523449
555.530179236
553.691331289
1111.08311848
1110.09557485
1109.5763954
1110.93641109
351.98040447
348.286187304
351.335678779
350.632791677
350.448560383
349.430476875
625.819634054
624.608481918
622.853311307
622.771937598
624.464724802
623.554617057
623.835711716
623.072064328
622.322748266
622.852832541
622.709456136
349.502887484
916.380526077
467.946262371
937.51696923
938.779559712
466.549392412
467.713240949
467.22892818
467.831434876
467.074778001
466.970749326
468.758242363
700.268852307
700.634497145
622.452856435
624.077489446
622.923612671
623.598576481
284.599091253
347.785345275
349.547416179
352.665589309
350.708222377
348.284930743
347.839614696
349.968776257
351.235146803
1106.49543543
1109.01264095
552.835439352
555.592756072
1113.1072269
1110.88794615
1110.70401907
1111.18237184
1110.45812071
350.125449372
350.375236226
464.648436399
466.925405708
628.805738319
624.848657395
622.776966276
623.127578146
624.598642249
623.072693566
350.6110819
353.966803991
350.969198128
346.925124319
346.755129869
350.405461782
962.085752634
939.875477346
938.981232526
939.408126119
936.693827772
936.717522105
937.739920353
936.364356041
936.606904211
1404.75905325
467.963768742
935.937883702
1250.91270863
623.280805532
623.709698998
623.341360237
623.303249543
624.179958351
1249.48222609
1249.38603528
1250.07815828
1250.57752221
1249.99764135
623.160263646
623.201650177
623.53201485
1114.58698153
552.762187071
1110.9745374
1109.73052882
1111.18375227
1110.40726023
1110.54429718
1110.74608665
1111.12033657
1110.90961762
1111.03670175
1112.30181195
1111.87758389
629.448390472
623.208999439
622.233781008
622.686652356
624.220129287
623.247101894
623.551646928
623.11353228
628.02067848
622.78100495
622.949523738
622.90554433
622.93858873
942.914576265
934.30124112
935.037121126
465.933128299
466.774801445
467.312644474
467.215827408
467.091801419
467.391268528
467.499519782
467.207102451
467.582589359
467.070529584
466.676883641
344.244290843
348.989389506
352.419475186
353.176532887
350.407096789
346.592968927
346.670746382
346.14856711
351.047698871
350.748088476
348.567982307
348.934643488
350.773490103
1109.87110939
1113.14308231
1109.52402905
1109.7450948
1109.36675328
1109.70765922
555.098409124
555.457515287
554.81635928
555.632856788
554.855421682
555.962655717
561.600290268
620.648012671
623.01828819
622.28088399
623.175011751
624.423386674
623.435082095
623.235439403
622.840012954
628.181203818
624.087468649
623.926413817
623.522142776
931.241444304
941.719678203
935.148383346
936.740728695
937.096751771
466.933507849
467.5428355
467.238134705
467.348637351
468.056521698
467.429745084
468.028034862
349.971709892
348.974522716
622.018012319
622.291048735
622.193116293
623.108925281
302.111895042
623.697711325
623.176450419
623.602178983
622.834321354
340.882963716
344.346532284
623.138944778
623.397682709
1061.27785993
1049.45831178
1053.6339792
1053.58438807
1052.24524331
1578.07692164
465.801026706
465.561183718
468.38790592
464.894408826
466.794006486
465.913848251
467.705465707
290.222508192
1396.36820496
1394.65875625
1393.1672821
1392.66789566
623.846245053
623.750406745
623.372710856
623.62067686
622.98759658
622.00464476
623.066814567
623.917075202
625.230398626
414.809105494
417.37778694
834.293353585
415.182867265
417.150788701
415.385539808
416.324713136
416.276455242
415.87428961
624.28346157
623.915611722
622.491428039
622.080244648
624.513038484
627.532434396
553.660786126
416.29685727
416.479461306
415.559484291
274.65488356
273.647626527
830.489684327
832.719469757
833.601945938
835.446954823
835.273615426
833.224742296
543.856230043
547.653800015
1052.0202784
1050.90261834
1055.35212542
1053.45655554
1051.62135387
1050.47400887
1050.52661694
1049.92215045
1048.87483606
918.155194031
919.528712386
920.515046808
351.808123498
348.955771923
348.458419971
349.177284502
348.334066632
281.812426527
348.415064106
1393.64281485
1391.93218448
1391.94035427
1392.5265237
628.014486984
623.126529844
624.377011425
621.353485962
624.263242541
622.250178108
623.536926923
340.802308962
624.803093763
621.435935096
352.297798909
348.103110926
347.362179213
350.754228489
353.101679244
449.194335683
886.092317742
883.303352919
439.833391702
440.67390764
442.440906843
441.911648241
442.008398403
441.785147001
441.169263729
441.814686959
441.19269464
441.44517725
441.330683147
441.639590487
441.515187198
441.32382715
441.750584525
441.731019085
627.225853706
624.792522118
622.969566582
623.152461612
623.872835303
623.086435715
623.272312957
623.000691839
622.757473464
623.357063115
623.482750122
623.519260399
622.83928956
288.422482988
558.674950871
444.18800101
443.302753006
441.772578896
441.363274304
442.15394708
441.539963775
441.07807275
441.778913898
442.855472721
442.488364568
440.489297121
440.37898145
442.558860034
441.970493083
440.697214182
439.243650347
441.26677031
267.674782946
442.143805121
441.801970116
531.601515227
519.367891398
530.100171764
520.985198343
531.082828103
526.566248988
523.028246446
529.263480516
521.396558605
527.680889157
526.87650223
519.444672983
537.966624781
790.192631367
787.752701017
530.246499668
787.867662303
528.79836463
521.302434134
281.843417652
1393.39411459
278.899643581
1392.7436446
1111.87997083
1111.90413156
1111.68184651
1111.72217339
1111.60367827
553.654311656
552.008976791
830.38702188
275.958297985
278.853947583
275.770796653
277.352670441
277.304056723
275.9745733
279.330577142
275.742666485
277.590807189
276.668170465
275.411389018
279.161460459
276.228046039
442.138855832
278.721482115
442.618314318
440.556895319
442.045805486
275.092217877
278.357884198
275.195211683
462.736902226
465.32318154
466.6501822
466.317707703
