525.301606146
524.731010901
1170.92966981
1169.08552583
350.209660068
706.434902514
347.985131054
313.644943992
313.318307875
441.048240015
441.202955497
467.140053041
710.151325139
708.151451616
706.6885313
526.694077899
585.488479397
588.398953192
587.593788735
588.230352889
589.015974202
712.50083323
466.515940571
874.517140394
876.015361268
220.942190291
440.541007297
439.203482667
440.061412497
440.638939916
440.878822254
439.024213634
222.497269912
467.759200603
397.104025425
394.909687691
393.499913515
528.649594567
527.968006962
988.935633816
986.728083106
988.103069803
984.319245281
352.55866317
352.181469097
350.826978825
586.936245485
588.611117487
988.744645782
987.950062702
591.832757874
592.611469967
351.267823439
711.759393589
526.854484403
709.292833013
710.058196662
241.828745385
526.068771302
706.343639623
348.501766586
313.811158388
231.846596837
1384.20907662
442.427193701
441.42011976
936.001544517
939.768976718
716.237748922
1049.03745447
876.809957002
184.725554509
468.326714092
468.747637958
177.163700293
172.379097454
172.912093347
169.074507847
171.508092397
220.247558319
440.398640387
440.717103244
440.523007878
198.55216825
200.186835216
711.268594209
221.793424389
397.494355486
394.314795678
393.399458348
527.606617934
259.440358436
988.944536605
989.327583572
988.921907064
989.346378085
352.247328662
350.892544288
527.198194309
592.386555107
591.783234891
989.915132183
987.238951962
1319.58496899
589.614694596
874.53080157
708.590235748
709.817346617
710.756271303
1170.50053203
432.669419498
432.769491601
440.088121193
525.879441238
430.55617129
313.200364824
442.730380988
176.533141334
239.810515212
172.209293273
471.453370331
144.008879739
711.058150175
709.275709895
350.424029679
351.534923712
169.584449836
874.509474987
165.491366718
171.345245166
170.547031584
220.925678312
330.916667635
330.829035564
528.380403582
175.270034245
525.620683022
708.95751257
709.607860775
710.384942058
199.269272247
443.484391734
590.726480342
590.315927309
590.33862342
876.192609563
468.254053286
204.367784511
223.227844925
175.163906551
526.807495575
443.488099399
442.554822629
871.737264395
706.748042252
173.876223294
590.94609685
380.072104929
441.912510735
442.174290957
218.663553903
525.528741198
525.503908364
349.057213147
709.93517345
468.830563375
206.189780588
201.308433915
173.911522267
222.327641517
707.197669167
348.659987652
471.922354361
443.374929367
875.368345486
587.928673773
588.272575689
588.373196643
294.219788773
712.472057759
874.657873719
876.32611723
442.586380347
468.55360291
938.348747808
937.819680855
525.205888269
710.516559506
709.809261771
468.29498825
711.328343534
295.917983454
293.507908458
295.099473201
295.942955724
349.506852036
392.785015409
208.778823945
364.457366141
1048.50219421
1387.81791415
469.310565279
295.788136107
147.990158374
469.703932438
391.56196338
353.254383027
145.135981175
441.647317133
353.115324492
1053.44341227
715.595430605
525.940102774
353.036144498
256.399618595
706.551611365
345.337870566
157.13649547
313.394241325
441.961898325
352.878807176
394.277759819
442.672608737
707.197303599
352.798164323
469.598293278
590.361698641
874.849220441
876.16621152
295.570007111
468.513621699
224.914674882
234.28328394
472.554629629
441.388480163
440.363625234
268.616907486
350.203629457
526.097938002
526.416338714
526.86621227
526.764073655
528.287384073
396.26602191
528.603101769
393.404229078
590.309755922
989.798245404
989.481432109
990.328947684
526.102306518
353.292513834
352.266074145
1051.67764256
527.146069258
991.39836472
991.792656384
590.923909844
525.83505548
167.433531847
175.822633412
175.288124826
883.032266268
526.706070748
440.419490704
684.449333852
441.965330135
174.868307562
473.08964332
231.97207919
156.232673193
156.653419718
202.143390188
443.08608654
153.692149783
156.612011635
429.32503716
429.654315844
172.534455539
173.276925443
172.39083077
469.40900302
590.869009532
590.69418978
467.968649154
221.308875767
221.984861958
440.815107179
109.734240116
202.265289062
223.157886807
525.993617603
468.079911613
249.9567414
127.582913873
128.907561224
129.632124592
128.643855493
991.1779832
989.796981949
989.011544022
128.364800873
115.269366977
173.857312809
173.280757919
115.956309055
203.046484337
991.013520362
330.967553606
328.414318846
330.131016792
175.963264501
176.087867446
175.929256328
176.106226035
200.302555964
175.389127543
393.482994245
175.284889954
470.847628731
157.313593715
156.625743822
156.973980282
201.309227644
937.970353253
157.380384232
707.722632727
525.53544837
174.187440815
173.424986846
352.130067399
587.117612795
197.952667213
174.828488753
366.760758694
203.193698358
442.121380801
224.610652553
211.519872184
201.164444061
173.382222817
440.992815273
882.661662977
708.055220485
706.990107318
98.0047169421
97.2385416877
97.3486184278
97.1706108158
200.262800804
371.214137182
227.261800833
467.780943531
590.350164444
172.304241323
173.545777218
149.003856066
203.397606932
353.283040493
468.94856421
469.77436436
177.087784908
174.475283634
174.219245421
173.196440599
174.630629661
174.476567169
222.870034421
174.75640826
175.250916301
157.270371775
157.103100008
819.536890924
155.367675379
156.250382184
156.395315613
156.042997577
423.218526064
115.483470964
172.444477474
172.49400355
172.634933624
200.208612537
355.269072921
303.781193761
353.652615972
168.97336828
109.857005836
181.825473594
168.329791763
590.421119506
591.132558881
591.511651856
525.743438317
710.278692117
768.618001934
711.602931647
147.190037961
96.7610145754
194.943134943
590.400128075
590.281000714
354.63101205
173.753184431
172.72763325
116.14153628
116.214244674
719.799961193
115.728850317
399.857632133
364.480782654
176.229738322
176.763935064
176.763616969
176.335030324
715.261727115
354.603545056
261.568273882
710.501171516
241.931181802
156.895189216
348.800973547
315.855925613
315.45126842
312.62362688
316.621905526
472.269420436
313.353699638
468.755188825
348.113944397
355.28532548
354.796713992
354.905966167
358.203119031
350.89996874
347.469283547
294.957313315
354.54533862
441.617798219
352.89819085
348.744547475
469.468612356
526.64890137
469.341219277
353.494834001
394.665847247
529.382077283
396.548378029
528.377975619
1052.29576973
1052.41019774
887.951269622
527.570217982
527.63195262
352.767927753
350.661052733
199.064223226
442.146678609
198.322245822
295.670116345
199.862275028
591.493715394
175.325523848
176.726241086
176.368673494
176.449603677
201.401288034
198.93783559
442.014886737
351.522453427
174.235613976
157.259507849
156.474855961
156.792128589
442.547116284
156.491033596
156.719161691
156.294567174
161.782966219
115.207081406
173.263497161
172.789074117
173.08180763
200.694210606
470.061030063
714.940151191
172.761859643
108.449707408
109.758641346
109.907269703
469.36168989
200.332498987
472.078716182
823.977574586
432.229366014
206.82270283
126.44225448
128.772300693
127.913636328
127.90036406
200.139092063
129.192723647
330.196604365
526.637663043
352.870918763
173.820698663
173.631904574
173.112142881
213.677486521
990.699596434
198.610883649
130.046344537
170.594265806
176.774522019
177.148057062
177.493968757
176.22348435
200.426171916
525.578973251
338.649042386
352.829068986
157.115141376
156.220834428
157.172809246
156.451164658
200.900629588
1226.25429925
711.925476904
155.600605538
1088.06044865
171.587628121
172.368058081
172.60147104
355.910685861
174.279429717
352.251219456
716.8136657
706.306135371
109.984245355
109.57126457
353.81948375
267.390032017
202.397515741
442.033936841
197.61871911
443.263216197
198.909332277
97.835695786
97.5532728462
146.958951666
201.832643335
197.261688672
470.794831598
392.479580484
1244.66891918
1195.72529852
172.585085478
173.564095848
116.172788795
201.062423562
393.615106843
710.573885891
369.719685914
176.319573422
176.412311844
176.110149502
176.219333006
264.861835997
265.265858752
261.66786932
267.018506552
265.033010524
157.093179505
157.071683887
157.120126558
711.784729045
441.505912199
711.659893796
440.056092314
168.736845711
173.083886822
173.586480022
586.721049009
203.711849178
200.444928956
313.114866883
431.382558895
113.51867331
442.181238328
441.272986603
441.660176158
527.098892189
352.336634926
495.888287234
708.641915974
442.155513592
196.869825468
96.8520239812
394.758541903
442.019170885
198.792123286
97.6226984109
198.459137422
53.7573663918
171.995180396
173.231456656
712.592422014
173.011327906
716.455500704
353.34150668
1242.41985042
353.420119617
175.070813563
176.762416952
176.789791224
295.642245122
176.08279036
266.241270933
352.345618661
267.612446094
266.261111837
359.105564467
347.183675438
312.294675542
359.520703228
354.45902269
352.189448705
345.656681439
356.183744564
353.513153832
345.825392477
353.897685071
353.82574973
345.150325364
349.400341715
360.187075
353.073042025
352.427867981
347.867250992
359.806827453
360.9341068
359.555053411
222.520895124
351.054713171
353.909299885
361.383342405
397.879205104
398.16273419
410.378711313
358.375078779
358.289708672
448.585124841
443.819920514
342.422637238
424.389354538
355.782358237
427.740651577
469.076212011
463.144551605
438.279966442
431.507922467
708.817269611
433.21162491
710.759776501
346.648333855
349.417033951
358.630830425
872.737275321
871.441108693
349.230200155
350.017696802
355.022765503
710.799025308
713.190577301
438.93842296
438.222817635
222.152795685
439.586290408
441.99526467
363.143066282
357.580736057
400.126956418
356.241555194
351.96178049
872.154500398
350.730535963
428.554165094
428.6747243
358.690162829
357.406257058
348.968823351
436.849498379
404.131648527
306.981908856
430.519398164
438.574793674
356.479943451
709.688402763
707.47420685
360.634880617
353.247032168
872.223134504
871.503593255
872.084232117
871.334615101
870.407851113
302.750735961
306.585690394
710.7225934
709.09543493
220.280918542
221.481680992
709.235568166
708.309915786
355.451874683
355.843677888
359.122604001
355.731228042
399.020557073
872.740884934
352.712286258
348.733701108
348.282196643
358.93614548
1048.53667066
427.669172071
345.969369304
1048.0298692
882.470865495
387.420553613
53.1719367648
343.123805693
712.000220663
1047.36689628
353.685333668
344.709180857
355.395543996
871.894136628
871.543536543
870.8297028
306.88507364
870.162398043
354.546899858
355.90154657
709.324645518
220.075267387
223.143562974
524.729568024
711.199049992
350.109140686
347.693533035
358.494229817
396.728946103
391.490696572
439.065564757
437.035065417
438.157892362
351.062929216
349.276112333
353.50489909
346.732589274
442.535583291
312.312016804
311.246077602
882.923655086
442.865290041
884.918077324
355.943175593
470.05444302
354.906110205
935.096734772
871.453954554
872.037474277
356.582505864
354.524438596
350.619258953
353.348075331
355.335720376
348.768511558
346.942929296
441.096169845
355.757177219
434.647154812
354.984718083
432.080482545
437.50211039
871.090864749
587.09229669
142.244997436
126.847966145
129.538749918
104.542216559
100.987444713
143.922214646
133.898877303
128.452907968
105.373781997
100.514874063
99.4453881165
103.892966202
105.729551466
108.065300561
107.450720699
106.436129208
100.318753385
174.492078741
174.318020596
174.107725415
173.837963042
198.861386363
348.157123317
174.311212177
172.658826083
158.077812902
311.642096275
441.014257199
156.353675232
154.164532283
156.373191887
720.588721263
155.548836505
470.836274172
171.99154763
871.745870629
172.197735754
206.675081408
466.173428519
586.717729981
115.832985499
113.784540544
110.177431811
330.410681223
329.51855136
350.597655587
199.386033287
494.082050818
469.575238227
439.067251754
129.445178172
129.180867026
392.737752253
390.907907702
200.289995764
390.750580862
131.963192619
389.022151895
464.079357458
116.990762918
115.491771498
524.92684312
929.172760169
201.148390728
587.650257174
120.24921851
120.652375892
174.783855827
173.484457079
171.422329314
173.130973061
200.220939351
175.379893159
174.993119372
434.750751713
466.681913892
154.99417383
155.403442009
155.902483777
199.868990091
155.614212965
156.08068826
706.297647901
350.179381448
115.164356496
346.75364705
348.028910531
347.785031877
115.575128611
467.819987679
348.91568582
867.674006727
467.430578995
108.89553856
108.914801656
440.255104061
441.761074532
441.318419008
466.749911031
222.940310576
153.141464529
444.836727383
443.851179168
441.934247556
441.956515631
200.385904998
97.1872600201
146.587156994
97.2851564612
1382.28558503
171.810325853
172.276890554
115.963487148
352.334234633
466.645255483
147.021050954
147.417154404
175.208436201
174.017020618
174.427666734
174.004634712
199.926301358
173.641740788
172.483835701
174.805771364
156.620307085
156.746899274
439.865934361
461.074979799
202.497108765
155.264790594
155.122868685
352.257830858
464.584153526
115.620443031
349.763601109
351.750929751
351.683674812
350.724537163
587.586120946
115.855087738
350.029749366
351.882096012
109.093533817
109.331597031
109.641730672
195.320538212
441.933215214
222.174771927
110.304810123
446.145022199
147.404743487
443.216881081
440.573700785
197.226780924
390.66784082
440.631830081
466.199215289
115.492750684
115.426123224
172.352892272
350.468602425
200.096854821
150.815008906
709.021001277
163.529456601
172.757815046
173.324301968
173.400924317
348.884649863
178.87607292
196.324513401
522.100900822
589.806856399
394.412573618
155.113122043
155.438521275
416.79972864
155.349646306
221.043096306
391.445373984
438.988751499
858.162937996
869.985277318
172.518681866
712.042168078
706.952895203
199.005228298
710.384185406
589.537390304
576.879452973
221.397328871
467.581200559
220.575228362
109.883639854
197.959307857
109.405279515
438.826962326
349.267781898
129.868303881
657.552486792
526.417101458
792.560323974
186.409812127
524.625957792
127.93024346
1243.49477587
351.847811843
132.754566917
117.651294806
171.305623469
146.057297411
174.441762047
103.048147084
137.003594086
128.243574784
173.075687025
172.649046322
173.358544115
868.172716677
1306.37789369
868.996403242
174.803878387
438.965132942
155.606800456
155.445446472
155.470399823
155.499656163
856.10424543
872.832438306
784.920412007
723.167107857
115.614252888
722.421227383
785.376430255
586.921937467
201.339788966
712.320050902
723.696946487
684.481134171
220.852134266
438.812649825
109.391839599
467.045251547
102.493929489
101.680482809
101.879916051
101.034156377
100.406907613
129.667283033
129.317034366
658.87563989
199.902109284
523.040449323
1314.37004857
523.498642888
115.014995791
115.687495086
146.031044361
130.65618832
200.5023194
110.110904324
199.02834734
199.036221211
621.586001323
173.171405584
172.843038565
872.024875147
436.636868614
353.569971699
174.100290451
172.015064428
155.621367883
155.44128689
155.947709872
1243.84927615
203.056866078
154.996641923
156.746441994
711.622493205
465.334769921
115.394865236
467.326985393
349.209951451
204.2748379
350.425252354
358.207842384
869.501163964
590.519953522
445.676931828
451.030083582
440.21685745
200.2104554
351.009630078
449.499270026
222.546898859
392.475009332
97.1540710152
444.470977894
440.788644379
204.886939307
1231.00541262
725.18308059
1377.39909743
151.035927728
1378.66047424
172.103827883
115.65224037
1381.21893394
199.665342786
876.007453617
709.799511879
175.391634546
871.154910139
173.293818869
173.236979142
172.18060626
200.749752194
950.438480969
174.787981825
173.887299663
156.47172358
1384.01457597
155.147483199
1382.80508349
198.579276384
887.829551419
1379.63740214
392.649531533
464.152844286
463.285182045
345.559183194
351.541028823
200.071050919
586.047146684
115.149370935
116.740342744
108.086137048
109.960639725
109.39971392
109.397068417
200.864953341
439.974688132
719.115564979
223.652536138
295.171709104
446.092019462
444.460355147
441.351925204
206.023358138
393.525735689
1243.4426117
1227.90067904
1242.89682777
114.881855319
115.369812716
1052.47418396
351.01041098
201.134359659
586.944575627
147.366046495
145.206399757
175.301861433
175.644112747
427.653669413
174.821238931
174.234346831
174.399174168
957.360972846
348.284526502
155.977973183
156.368079135
156.809486395
716.679655714
832.360677979
425.083045155
626.664315297
818.530306815
466.646502037
821.744542025
817.827148029
171.419532629
360.150477095
820.634277035
427.324079409
870.992256182
220.537501992
221.990786289
440.490305848
349.438961785
357.512222946
346.268672446
350.495325883
349.939486063
316.724454292
392.43080571
526.498960645
526.034531637
525.12439778
521.456167805
387.822873754
589.146227217
589.068518796
352.617764715
358.499766934
198.054551114
144.343815231
127.508054902
104.205894334
101.294233814
176.382330537
174.292970068
174.348596147
247.587450204
526.242180162
882.116386441
873.346665122
437.973355113
884.536168553
156.256026115
156.566350686
882.698216857
154.95671381
154.415292626
154.963838243
154.586453224
1205.54189371
115.025086465
171.742393715
345.482149337
352.81011761
937.055425698
116.391688144
591.671032584
115.880759016
221.362802151
221.979046314
107.447433445
101.752588054
201.042873971
200.90271622
201.396636262
190.008329311
714.805326102
1316.66404325
128.865294277
1316.08019817
199.953476599
785.078449753
128.278861694
727.206642347
115.101681564
114.021405851
170.078119907
131.303071625
200.680593616
110.267599131
176.051658092
200.84221949
172.349735922
173.36846053
425.215258479
204.024823972
200.514102869
437.257763628
347.10148004
346.583786569
155.804639171
155.846911883
155.296789064
155.314536238
155.108772097
155.934322302
870.148429442
871.609783381
467.666751455
466.914709239
348.129884435
348.344501345
349.0660447
705.906615579
347.64159048
589.514926001
352.448873057
110.159544962
348.306889904
349.81752132
211.833219115
526.161155897
348.663370541
107.641369278
146.210986154
145.78484332
97.3374602124
96.9434465823
145.949360801
352.905448926
1221.85173445
1225.46117859
1383.56315177
171.086685393
171.910425758
352.480326706
443.246685832
114.571547521
465.88726503
147.143318782
869.616119351
418.32962639
174.243739731
174.402459843
173.424617684
174.203513744
173.270465582
174.216573171
174.649422136
155.65961989
155.463858668
156.096370635
156.11276252
155.167720828
155.247139431
155.498104438
723.016896301
349.894815589
171.828293827
172.247754797
347.117150418
198.051132886
115.866456729
114.751347515
468.729338415
710.648607734
106.782290835
102.278422805
103.678582339
197.533589232
103.921796512
450.361350957
101.858213732
99.3195077454
444.061307089
442.076501997
440.686003352
199.11389763
737.3562334
1384.0563653
382.20923663
350.612293697
172.151097331
708.629412074
524.751224201
198.388020108
467.04552438
466.354231376
442.129157458
174.213651359
173.854285023
873.343301291
173.321935968
174.504540586
352.745518011
959.638557289
957.313794211
201.143051258
721.766537602
200.613307428
146.236838658
130.603371867
108.649586898
101.533590872
201.297117853
172.105628992
171.220555098
591.684645887
427.486330829
365.407638338
199.309011719
352.479955073
464.961886999
155.476635907
130.466871256
709.558207811
346.402982901
351.692475063
106.128059039
133.568437574
137.330159519
99.3511283766
442.679971592
442.200944885
97.162251906
365.244872267
353.561896048
145.384001235
468.478529421
115.035066428
172.241406161
467.478036074
350.35230933
198.879442568
468.402958819
351.148792545
391.225077348
350.823630359
173.521702906
173.317142187
352.239660504
200.809786143
174.531838327
175.480697548
173.29102633
154.64424282
156.182973771
155.776063808
155.321660102
1379.46564221
155.622789183
150.708371584
1380.08832549
114.553084188
172.068687664
467.73742144
350.339508586
623.208659456
357.13083994
714.676858607
115.61419533
109.149257709
1227.84252827
145.612945113
128.826532752
353.737323207
200.826141459
222.625183568
198.399710219
147.874333705
444.244938067
440.55945315
146.624534398
340.866679405
443.973585115
880.580396097
465.237424359
879.23222555
886.457517627
887.464990151
115.783983128
350.665435233
349.290518035
147.127401395
175.700949322
174.135647438
173.833489618
173.75667625
172.770367212
361.960116422
174.038074799
173.81571529
712.873035938
155.320222246
155.795330952
353.063980842
439.788219284
155.555764239
154.833995517
587.581774625
349.549057839
359.907477502
171.215576838
828.744944561
171.583503759
201.334566095
587.816489883
871.128968001
874.440414005
885.637847739
895.234034853
878.969064274
878.252980066
882.575102462
883.74574215
879.12397639
175.805806374
97.573345139
442.476135339
441.385683641
440.230908025
713.174272516
935.43578624
720.674585093
147.425486452
115.414012474
351.382987482
172.233660514
203.602011781
353.541219663
146.480097303
146.986537799
173.491772702
173.728345911
352.943282861
350.520891878
722.368694978
354.846719671
350.923403482
174.569036013
157.118701593
381.956084148
883.154715212
351.201644872
862.737385351
859.238974504
309.954903481
354.800865048
114.150318138
116.326090629
171.898459105
934.674962565
172.757521019
171.685064884
936.238418499
590.617327193
882.180443538
148.305814291
200.645348053
144.681700755
198.470850623
144.697808412
197.025140487
187.571172188
147.662127464
443.513540677
442.598164867
440.716928261
351.598258669
707.665565301
97.592102042
936.246088096
115.018834285
172.144298684
871.087509514
871.361710957
876.23939971
440.887493777
146.826402589
171.029751273
174.274025766
173.588562023
174.575576202
173.512772728
174.283576657
174.574406398
884.913761542
176.243848315
155.844831012
155.312715164
102.252444936
198.357512327
199.468125359
155.032031836
107.326886692
100.928910464
172.799916521
1047.75729873
173.009676074
199.779051633
1046.67618339
591.012646651
114.708066522
144.576230908
713.744955809
198.895915239
1048.02141796
219.833545748
202.034933109
199.851837098
175.580037426
444.963233624
442.810168205
440.692825505
439.659593627
719.283787413
347.319725339
197.511308707
151.520172278
115.367120785
886.067250966
885.398129866
885.299428152
172.346343789
883.223494647
117.673653134
175.128707567
173.644097658
173.526459068
173.801044339
199.680173481
173.370806569
173.763928424
173.959273786
154.109733804
392.384755409
310.321142963
352.703184279
199.69336427
155.663572937
310.960877549
311.330202462
114.727181406
1378.19002069
172.724248563
171.576234975
200.224228484
171.245313658
115.648377429
717.566821532
107.554271306
854.648187334
708.38528655
872.570028356
200.960771251
441.007351213
223.104255347
198.993533811
147.116833859
444.274972342
442.065026748
97.1273723849
199.121697241
294.356458492
467.177206603
295.36908093
463.354425114
171.065982922
394.18111889
445.718853204
872.838294675
349.362325547
354.058471664
126.931075694
177.369547137
441.301038255
174.153116519
174.163821891
880.152993324
358.537670728
355.32841501
436.372417442
355.21132489
350.41524579
356.843771782
350.772101006
355.191700963
353.824281056
352.277563714
1383.71348494
1381.44271932
1382.26661366
348.514886722
1381.39999456
347.756462728
344.20579647
355.088351209
355.712145845
338.809890737
352.571888033
348.471883109
871.280774013
356.568105394
590.747572216
440.369191467
446.254769623
223.790627023
352.824517238
445.914962156
445.058203334
443.718941144
444.326869883
443.08680483