0
0
0
0
2839.6347313
0
557.619260734
552.254310236
554.073145611
554.744131461
555.249328669
552.470019895
495.333825816
495.680029843
561.755521903
562.783811761
501.71705135
494.253482935
564.13243038
566.398592027
487.738474248
494.405092741
491.834848381
563.674353494
493.263643774
493.335416055
981.178623275
490.968747267
491.266211268
475.855420455
479.086800095
1235.7022355
1235.17289337
974.316665664
413.477382156
488.425914881
408.868672538
490.291706291
972.472473078
491.512344974
419.475717712
487.576250902
1237.15363167
831.474073926
830.073933881
826.293612098
827.98334043
828.406094586
825.346757452
1113.6096507
1111.04228828
832.884298816
1120.01810979
1119.47504076
1113.40787387
744.779897344
829.342301328
389.717131938
829.802494496
824.285499932
1112.26654295
742.255607894
741.039276347
735.445601543
737.771177445
733.161211906
1104.82341217
980.361322789
981.929136512
981.819617243
978.101997112
735.149027117
747.17059815
748.872898829
835.329903419
990.999185468
994.814950484
670.92304431
253.781985308
197.672185952
736.066149639
734.573571154
738.832648086
733.678705073
741.769971493
742.660508686
744.167927844
754.349183335
744.122695505
736.48106341
741.09019715
663.684599726
742.391916811
750.509242787
662.173603818
739.651828272
663.668074624
743.87357488
663.67052009
744.300466598
749.589486555
436.567438385
742.905332716
667.430897612
742.454778243
315.324183653
1639.72914108
648.274403595
1507.61765768
740.903384315
295.631845162
738.757703895
732.888000092
742.613167055
425.353500331
665.890161781
739.454566768
737.125929395
741.038354285
299.908133706
198.209911589
661.392408988
742.54876721
658.352022808
210.711326211
181.023148342
125.340336114
739.738984307
739.213172843
741.243328509
740.680053916
738.205546664
740.12630747
0
739.026341336
661.338346059
666.092335523
148.268147696
1406.53472509
1326.4529702
1331.60508279
619.38235482
604.868118893
901.162458342
892.66931422
571.678381575
233.493010797
267.41038804
119.607294622
0
2173.76645843
552.615744986
546.428424249
549.085842751
550.771256129
564.896977687
539.065766001
494.068979037
491.47418589
561.210877036
558.8408012
868.068089226
670.983764663
1354.71743245
1223.18335236
1231.016986
1200.58180685
1152.67837794
152.254551114
500.411416088
1773.10696924
1814.64287632
495.119460015
500.151818215
512.164729716
1247.13965392
1245.32936291
0
986.34124853
307.98016066
312.348784119
1228.66315612
418.149293512
156.663848733
1545.6634863
1578.46503788
878.073316892
613.999639075
824.598870548
820.226071827
822.661980819
822.86963836
834.212214568
825.153113668
1104.32671243
406.589896263
823.344174704
826.658321533
829.852827964
1102.9077498
1102.59312821
417.497948533
833.438675876
831.761289487
1103.41518104
760.507081866
743.509969013
742.494292943
741.430292363
739.219068001
180.660751919
1608.50887376
992.730779088
989.170644811
172.910831471
1488.92104975
1981.61691123
1573.83820779
1252.07250482
685.947232316
1317.14681675
1118.6886855
409.837006841
329.38577487
303.272641105
729.996490966
730.444531644
733.450958403
666.233072836
738.568409236
729.374323029
745.882589704
741.176422829
729.853995231
746.635921926
667.537873916
746.245146656
664.768550657
748.754237985
660.791806396
745.057565784
743.744947418
654.385283606
744.613695625
554.758261968
752.517858239
665.77332537
742.425219742
739.38808245
742.412900039
740.994440476
656.856428373
747.046002404
654.902775656
558.471680948
268.5173194
1406.22449228
740.633115153
661.035342199
745.599108967
567.422923857
741.689094325
742.839215042
558.049513166
268.696058523
183.739854041
740.6169975
739.544628356
248.347899727
183.406079096
204.394612281
189.998235052
737.623015392
742.862907694
266.484495421
262.836512942
740.505948402
964.83903842
0
270.584430048
254.056800836
246.486239688
194.043782419
384.344609941
268.693205751
261.504545745
616.878082758
904.035272612
899.135702202
276.174777535
574.411722875
215.281130475
269.483632483
220.735198027
271.650438556
330.182530091
267.380520483
278.619262239
0
0
0
502.851712427
722.30735531
733.824800139
992.806208438
992.847298077
410.535136932
287.391984739
299.324661096
282.674722717
731.351084132
0
0
603.347463996
682.827994407
727.545807495
232.590105886
237.15811845
0
212.70112213
418.944068053
206.29583854
207.372058028
216.355033793
217.355305576
408.158886218
414.518997745
411.742129485
219.659385157
212.079299608
471.36721195
228.953713911
552.353645916
402.181443412
0
0
0
385.80165898
367.906624625
368.398103188
195.61413851
0
0
0
573.902563378
376.221247697
369.482799262
560.150790455
181.675447777
195.353339229
183.514401756
186.156603056
185.939781098
186.600443058
174.72463574
342.360522214
324.543114974
333.398333442
353.469608111
191.802185026
208.592044706
213.708685821
0
0
0
0
169.080791999
188.264733466
55.1799474942
86.2591663971
44.5334951006
43.5774585436
54.9492980504
49.9456682251
45.2834294988
46.5103247235
45.4266134584
46.0036715017
46.833218126
47.5294789296
46.5039057512
45.9606873177
45.5479365531
45.6505901173
46.6301005425
46.7008443494
47.4811288805
46.3077812239
46.238533617
45.6814454041
46.0529540581
46.1218976732
46.8901118327
46.7124025731
46.8429924931
45.4814228085
45.5418608009
46.0948670147
46.4357402641
89.9774837177
52.7742449541
55.1175827966
49.1202654904
45.686042609
45.8720275586
46.4482388817
46.9481354249
46.3643262821
92.657867397
52.3742475693
53.5834086118
48.3995292139
43.1223807204
81.6112799345
54.3327786447
126.378857066
78.4136668128
52.6532464382
49.4866507809
45.079139467
47.4059126066
46.5427551531
46.470954883
46.62675769
45.0702728143
46.7274033623
106.966005706
55.911337951
54.8287699927
49.3769329639
44.1522609818
45.4418430714
45.8393408543
46.7249583781
46.7477487682
124.620034639
55.3016925842
55.2974713338
49.052136083
61.9082008732
551.585352344
555.75763753
282.391604586
555.862188822
561.032467801
251.495801621
490.954970433
493.686512439
492.889263472
519.143351003
277.656321572
328.819524145
356.713933602
554.892273734
487.881837479
557.518428153
0
0
484.482032486
751.018561394
1242.23423581
487.218283013
245.669742036
233.8489178
210.425785653
621.499361762
621.147062697
624.838268143
624.319833665
416.607990282
256.959753646
308.350571529
492.50687324
500.533865182
415.959650844
577.556129145
751.246690392
748.808501939
813.239340447
410.449866712
415.879147052
423.119113795
197.147170095
374.47295258
182.811986669
184.99622588
184.37765529
196.033144141
217.681895369
306.788863557
355.354102077
405.903587068
410.77763427
306.691933004
655.231905979
844.583978014
722.889387003
548.470802597
735.626497521
361.546492727
341.987482079
325.42006052
329.780501762
329.042057494
341.777565294
349.396052192
182.690743778
291.643813177
274.920805942
285.717517928
291.185119117
280.566698429
85.8012967398
53.9498548804
57.5911951276
48.1985417004
733.517086183
50.3678731412
46.3910826908
45.8337052066
46.0426062835
45.3228868543
45.9205342844
46.8263751701
47.0380313763
46.6958372518
45.5328532944
45.6385245087
45.3215127844
46.4009855014
47.6663890791
47.0853531197
46.6659891768
46.3052194275
45.7577021405
45.4373437983
46.2238141299
46.6784090714
47.0341461287
46.6026732536
46.1226248095
45.5435054441
45.8349329633
180.847278644
62.0940294754
50.8471659681
55.903727736
45.1315073987
45.4779353285
45.7632262196
46.4604418508
47.0037813872
45.8767732565
61.9135495713
51.0279779328
58.1102020335
46.7973320993
182.782609775
56.8555130297
48.7649573334
66.0900203522
82.3066391375
49.3355373072
47.6584505732
44.5233051757
45.743780798
47.3559126224
47.2808824631
46.0280516957
47.9116496868
42.893051423
70.5133188742
57.3470051382
57.0641020084
47.2311816703
46.4724708314
45.5294325812
45.7476366315
46.022230096
47.0061726495
64.1874764303
55.4926056044
50.57548256
46.4587992768
551.018880484
839.432397667
838.171130038
557.001299347
553.683648158
541.25517167
740.106855194
497.130094512
994.726339977
738.149888614
765.305907705
552.471506709
551.982789988
555.856770865
498.379536418
488.522075162
487.690128762
285.753013033
313.334453124
652.671412751
654.868432736
329.269606763
648.418799349
296.823746571
307.78649477
1238.92816865
621.375972289
620.359273047
624.2404751
953.790333872
760.077324658
818.280949862
423.895452309
618.555504602
0
0
0
550.039307573
551.066167653
555.007367658
555.249346215
562.906172777
555.378257748
489.408357624
493.704700618
493.094514095
494.029928761
565.574083611
491.383047315
559.972897026
496.400061539
487.834219349
490.212543819
488.428495773
482.671497797
416.052500551
210.855013899
207.540237944
207.532037014
201.364593756
428.844826493
657.124187827
686.992311357
734.391905835
730.635058015
740.84024363
742.060329041
487.219449561
251.219131108
280.866900126
286.066409254
284.425902459
184.017996305
62.0029248104
79.4711805577
36.3260216374
46.1594401924
933.179237964
49.3209081268
44.5670628125
47.3236649288
45.9880533813
45.6436680839
45.9103241532
46.5097575536
47.0644908047
46.8028427145
46.5063394827
45.792065391
45.464846633
46.1790473959
47.1911511034
47.1587587415
914.523706518
46.2513436794
45.63325068
863.172965432
829.270122893
46.3696929697
47.1454037911
46.6196241309
46.3700468242
45.6643646888
45.9491443377
98.6139717501
51.5280607702
50.7603123924
48.3971636993
45.9725708694
45.7537465174
45.6129330176
46.5933307237
47.0783346632
101.459810884
51.0922095777
49.6635353164
48.0703405718
46.4620959393
86.5453903929
54.4000991487
63.1341467913
48.8911864909
82.1788665422
48.1278543716
48.2199076757
45.9114166677
45.9860291378
45.9014693019
46.1413774951
47.5458752947
46.5611744014
125.495040625
54.2836611075
56.6317900971
47.9807704275
42.2366338098
46.0680875912
45.984837128
45.6546702995
46.3236530231
141.66694818
61.4233455776
55.7421043891
51.1842580215
55.1038678756
965.725075256
764.451956911
557.616829229
246.753583101
252.054734058
248.147431936
497.511727245
487.953757354
492.539348911
257.246099829
0
0
494.093237754
828.600945403
488.380205347
559.597692781
494.666930326
488.431353329
733.419190513
744.750182847
747.120937193
221.272638546
256.097113942
0
