1044.10952712
1037.02599365
1038.92077172
1060.0412793
1587.16821938
1031.89314528
1576.2751026
1056.16889568
1557.92555244
1560.5885082
1578.4631867
1559.14069528
1567.17939257
1570.92389248
1442.41551541
1406.09187386
1491.09267753
1483.17472965
1479.15433539
1480.13664352
1481.4479481
1975.66585905
1971.89242168
1487.79678069
1487.12815176
1484.07473461
543.633365916
1568.45548106
1982.51834072
1474.99419449
1492.46125234
390.137705858
777.371783395
1786.00862816
1751.05719083
1783.35436462
984.540352542
1969.78891768
1967.58004925
2012.66759645
1536.10483511
1963.63301566
1967.50437365
1973.29131667
1974.85672667
1726.57812252
1752.21175373
1760.94117976
1974.83897321
1484.38302195
1751.47797269
1726.63843464
1740.64620942
1722.16502351
1770.37306062
904.528546824
882.327255609
859.44836218
877.183453678
895.03568487
890.104328082
860.542681783
873.435342641
892.16682143
895.903803209
867.231667105
871.434636541
889.07865171
892.347952943
872.885899863
865.533070432
1779.95292036
894.538884197
869.945037794
1725.68767954
1774.2234629
897.724000438
881.843879159
860.972970661
882.066042511
900.29239828
890.172678209
874.634472624
795.151266288
1555.54459924
1653.66868876
328.819236302
1964.90405343
1591.67370496
1329.61560287
1984.03596467
874.787058367
1567.66067058
1055.31035252
1050.68066611
779.075107645
1900.81496466
1748.31961742
1438.04269871
939.003734269
1455.99756512
1509.45453704
1046.39893333
521.963674993
1572.17760073
1571.27193802
1569.00327
1566.12839396
1571.67876457
1568.376474
1562.87314454
1569.23578132
1570.87278527
1566.17508749
1312.64608837
1052.10688871
2082.25211882
526.397700505
522.474950508
541.726163461
2350.05105609
2348.07858865
2328.31672173
547.487835579
1955.74539135
1966.32562713
1971.77700554
1797.48018914
1594.30549263
1945.87404488
1571.17289895
1570.76804799
1951.98375658
1969.82812706
1989.74338476
1575.74921625
1967.41513783
1969.6808736
1775.02158736
1759.89421603
1768.28692453
1438.78986108
1496.73980585
983.207366873
1511.82927724
1581.92253207
1548.43300117
979.993599328
985.159716164
987.391426139
1487.8854929
1562.98468305
1732.83753074
1762.40319388
1797.90347165
1961.70997363
1796.78765503
1005.38582742
1492.06928732
1396.04758789
1579.93076926
780.455057054
1609.73956285
1720.91502017
1743.70620673
1727.48233704
1764.35213538
1808.15654032
1779.66507388
1719.43193097
1745.13431299
1794.54353135
1784.92100285
1725.87233416
1744.17026309
1791.03956553
1778.0186529
1711.38420878
1717.82472886
1787.269339
2238.37551896
1720.33428051
2190.26987433
1744.85190104
2216.80258564
1717.5998494
1802.62142962
1763.58449343
1474.38620826
1401.34313584
1751.84134724
1760.90355331
1407.13533221
1760.62816191
5037.03544636
5118.78482926
342.987340074
778.635510969
786.884543226
1874.17684792
1904.42821173
1970.20706032
2091.00086204
2056.60710982
309.764849321
331.888282385
331.55443608
1638.24769882
1637.39283933
1651.12615743
1659.94029453
1651.42741522
1651.14741758
329.463137563
1654.58131548
326.500614615
663.495345652
1665.40710364
661.69037029
1649.13619316
6227.37390906
1769.41321918
1730.81465337
1738.9342017
3184.10341391
1737.51687681
1744.88590549
1754.88965973
1757.24897821
1766.26225171
1590.19388922
1572.63574817
1577.42530686
1756.48517417
1768.86185486
1755.08328886
1753.35964962
1741.6621812
1774.02064382
1577.7993059
1474.80364688
1576.83581186
772.20136146
764.909612904
799.903176038
809.059161408
768.480012531
773.268464077
804.488177487
798.910363237
781.823671716
784.591363111
804.431998141
797.152266228
780.535303807
784.795209726
774.993017817
1679.27825778
1834.0733539
1773.56077213
1755.03920812
1770.08257775
1897.58259733
1949.84549343
1965.16663876
1987.94618565
1949.98482601
1816.82370911
1882.85749146
1983.02377441
1970.72307667
1980.35253533
1975.00595922
2289.61038015
2398.57261331
658.313426446
1559.00697243
1975.09699701
866.251540875
1571.5462187
1818.13414294
1572.58595522
330.356480488
328.655918975
1728.71739445
8413.09934898
1638.09946041
1583.65661093
781.068431391
1571.73789913
1522.44371791
1821.17656659
1604.15084788
1317.46887835
1577.3026074
789.49859937
662.036309569
2323.47614146
2342.53604535
286.365305696
3277.27569493
3528.66818901
329.409853987
300.940516761
277.036668453
262.283465426
261.560865255
1981.58387013
1773.61420622
1762.34938913
1630.49194769
1658.2318836
666.59064552
661.136674318
1761.13014529
387.02345023
1660.42231484
657.552108948
3244.68149019
2374.98732842
1795.24590315
1655.91255987
328.608993699
317.701528752
300.151497986
2371.9945244
388.836939052
1649.10995513
1766.8962603
1761.8083828
1788.96059616
1666.07432003
671.909662653
790.693925803
1772.99838962
1664.7746089
1782.6791433
263.30705165
266.834985524
1783.31235684
1773.47999021
1820.99178076
667.311003111
1983.86114336
315.226257934
1650.2062138
782.39308322
1845.80533208
1834.22143821
588.891600931
595.507396892
586.407716189
646.650030323
663.231247912
1644.91028125
1723.2809299
1766.08131061
1755.63362771
1772.08127026
1774.67345716
1740.45402631
782.955906511
773.16268007
2353.40296853
1968.35560652
1959.31048138
2041.78368133
2075.59041305
2082.36247486
324.937851086
2039.833524
1772.39396563
1765.69809213
1638.99077731
1658.57562364
1647.27248243
1542.67995467
1764.7276753
1550.43706391
1656.06480949
3295.75263836
3198.72509197
1766.09513406
3334.83359825
3297.23580083
1644.5204495
2121.81929293
2333.2753102
2035.70786823
1595.91304603
1790.06301927
1761.06255479
1762.15996418
618.505684468
1973.01957185
1940.39855492
1989.03528676
1639.87829446
1866.38142354
1978.87052546
1841.72530276
2277.53448943
3094.42593212
3067.1844849
2636.53007226
2265.08399043
657.776305156
286.881403697
2080.23680136
1941.73895521
1450.8962932
1730.77669609
1759.05158493
1538.72495723
1669.78634012
1342.17000107
329.870642801
675.870190225
1364.11484644
1565.24385893
1579.30009833
258.136684892
1659.59982472
1764.85657191
595.668144289
1834.26459275
663.079723929
1964.26003994
1713.91846279
1596.57940533
1574.08991724
1617.46429209
1603.56863194
2055.92804539
1764.58298749
1798.78439701
662.839829651
667.383586425
1722.51383324
1542.56191513
1487.71800152
787.581430976
1587.46993482
2069.87877486
2394.80928876
1513.27974998
3348.95810471
1487.95599116
794.111499387
1793.33075025
1796.25687808
1533.82024957
1563.93637091
1500.25448019
1583.44104991
1565.80009673
1675.77988932
2122.10343524
2049.94300216
936.130808275
877.172023982
878.326409755
1960.11177924
1965.4218626
1961.64663928
1955.10675996
778.314386884
779.20565163
1670.49286204
1667.27139408
555.140970786
3109.11933369
3122.44004735
1972.61341672
2404.06938788
1712.28828551
1745.61666353
777.959467161
1686.39817354
628.609957448
1766.33557084
663.851406798
1735.43188446
1743.02076068
1953.51771383
2352.5052272
1576.45411362
1552.47825118
1568.59854657
3230.07271989
1311.28078156
1806.89802585
2292.08282543
2197.95677787
2029.36490494
1666.25217668
1824.72993241
1595.85533897
1551.67209065
1702.24387376
730.356121163
1466.83919434
1748.22830657
1745.13402169
1448.23223306
1443.97882411
5016.66442643
1838.31554503
1712.21847808
1737.79932204
1893.4259685
618.056663223
1713.82817202
790.368572591
1483.17939505
325.351624367
1620.07265184
1900.24782085
597.809199429
1747.18508515
1820.04823303
1723.16442522
5122.06950492
1563.72814371
1450.66589262
700.118995286
683.384068237
5072.44747408
3039.4489838
3019.84757473
8436.77334671
1987.18671969
1802.6893515
718.955956476
2001.54941765
2181.86722801
660.195870814
2324.59582561
1794.97255054
1777.43150695
1826.15417913
623.359624457
1743.69846105
2080.96768445
348.11595639
1824.69699254
784.879223031
2189.51537452
1370.60250598
1656.94727173
1655.81887077
1659.0823428
1673.98374935
1674.69566467
1674.0202174
1670.07649295
1666.40101556
1665.24514384
1505.35785596
1457.59319134
2379.65814286
664.501195763
1837.7196618
1784.18230479
1840.2657449
1835.97872745
1876.31755617
1931.40180529
1846.96870691
5023.06200508
1315.4480483
1580.12288357
1548.58286435
1573.45617863
1767.24918554
1406.56225541
1594.47470918
1459.01801648
380.498932436
1510.41987747
1950.92554763
1721.07038853
1720.75042793
1965.57026517
2172.43554485
2183.13946395
1481.92061952
1454.8940094
1472.42790037
1463.16307979
1809.6641455
1939.93128435
1993.23267922
947.307233738
1787.50839986
1837.65464445
1788.19946884
1540.35215553
1628.89860903
2321.11068931
1490.11209552
1783.83720992
1766.78607244
1699.49055391
1679.6055483
1930.3608156
4972.73207531
5116.35330168
4325.52267883
5167.68725586
1472.17540734
5015.29898328
5113.81088874
5130.92721358
1514.94449632
2238.19961841
2234.29881018
4996.66951172
5113.1880416
5555.62569407
4857.2562331
5001.83386179
1449.36800869
1837.52217274
1424.27802575
1683.80728179
1634.27364956
5036.35509533
5132.27578267
1986.28936279
1829.83121874
2235.84710955
1759.43911165
1367.27240943
2119.65321972
2063.70652652
1379.72697998
1670.89564219
1657.61447212
552.335287245
1671.59724012
1668.05915096
1669.30260441
1630.33594716
1817.9951881
1725.69373937
1744.81540375
1740.49935409
1729.19749725
1484.67291087
1457.09795992
1482.68103703
1495.13751416
1435.5849629
2178.59555209
2259.36248842
1587.78335861
1880.60127628
1989.53833263
1685.03108315
785.931497275
1736.02601544
247.346998807
247.293856383
1657.09226164
1821.04708078
1720.6489412
1761.90240669
228.23338522
1982.98299304
1568.89216839
1484.22153157
1472.46647762
1520.86826065
1722.06566642
1413.29568501
2489.99714621
3466.6490559
1510.6985894
1500.07291695
5477.07527703
1739.85334997
1708.65498045
1770.13734775
1969.81470948
1543.78527444
1461.71343359
2015.06540152
1938.65456642
1789.30299355
1871.84701498
1475.62756626
1774.5964877
1962.03905787
1928.67165631
1990.05064647
1707.66026823
1745.27326755
1469.55990137
737.204845986
1463.90923391
1674.9699115
1401.32857741
492.922492281
480.895409697
1721.76264858
1490.50698968
1939.52434388
1434.12587411
1483.73618621
738.629567034
742.914003895
1896.78163076
1722.48815466
1768.91169916
1761.45203847
1750.88390586
1810.24332323
1541.55816806
1729.76519439
1834.83202641
1663.64092991
1649.42394878
1712.87627891
784.496656184
1665.62756693
2183.96859759
1662.83696951
1543.134743
1837.37934825
3283.52768468
2417.5387591
2251.65835129
5057.67291202
3424.4216209
783.119075729
5135.01925173
2166.45209473
2100.51602077
1973.17280028
1572.35863107
2367.63314443
1568.3827073
783.263414119
1855.25950909
1737.11282251
1783.23687141
1998.30491604
5273.76206142
1654.45291389
760.733020311
1755.61234132
1642.30346585
1980.38201295
1974.14107143
1959.93128718
1475.16103036
1468.6586425
1458.96218008
1466.42277887
4891.59776492
2566.37382401
3056.63617685
2196.97171884
3362.03088881
1970.26220994
1980.55242999
2234.76791851
1929.15201291
1881.99634077
1652.76043011
2085.66055409
2114.20981225
2075.90928782
1617.7574157
1994.0662623
1776.36291845
1824.12318946
499.632773155
486.93595973
494.340569081
1964.90404742
980.709892191
745.205508737
756.533534155
1569.89695062
780.25248969
760.119129185
740.24002817
2231.79870113
2227.43132561
1503.4836032
1831.50309206
2243.75429419
3514.68349893
2326.80065241
776.537828052
767.732032739
1563.04468427
1534.95968892
1551.96876722
1553.15594729
1908.05163611
1805.89174403
1625.18777914
1777.6260243
1673.55937107
1678.51655035
658.608680756
555.719780428
1668.80692929
1680.97627167
1665.18660833
1764.21726956
1720.32858176
983.831570025
1974.3878002
1985.91210029
1682.67925232
744.59482445
1951.17060389
2000.84948506
3439.13070398
1933.17266554
1756.46706646
1663.86743514
746.934235685
1572.20463673
1362.72712713
490.847617154
979.483962459
1975.5590575
2010.1638223
3366.03400509
1667.54392416
1643.55420589
1650.76858731
1491.04106351
1529.63881221
1666.15034852
1467.73918867
1471.78564611
1453.55045509
1478.33185468
1810.23914686
5010.99283889
3411.36197808
1527.07515666
1448.57809375
1438.67234511
1498.31815413
1426.42957424
492.918190766
1253.68011723
243.344099723
1685.89140072
1701.10730045
1904.35470449
1943.57184235
1635.79327589
5170.94397564
1829.77170184
1725.73912216
1823.75483274
1745.39337397
734.572721441
5111.21566638
487.912588802
482.422678702
1395.71480365
485.598481571
1616.14655693
1526.66468416
2473.12813972
2692.46867738
494.827991303
1485.7714977
1628.88501566
1714.50117988
1753.60796156
1946.95416577
3405.56873448
3379.64348888
2329.893606
2052.63773646
1657.18747807
1767.07270474
1383.81162232
1750.33225682
1812.98655846
1654.13115862
1660.00754063
1657.06944724
1675.91044572
1501.52642505
708.012142433
3247.28768728
1659.37919084
1794.98931745
2191.09724578
662.785371753
2036.06355435
1943.62522728
1978.47899619
1986.41708787
5399.60941606
5113.82284278
5371.39542349
1779.15315197
1578.32750664
1554.03718701
1338.6070093
1571.85197107
1569.75188137
1352.38350998
319.294915784
2396.28151964
1718.5893256
1503.59971653
1826.84537777
1694.50685944
1817.00188387
1826.89206383
1634.66812385
1972.33715335
1970.04064055
1511.33417846
1738.6013802
5107.72421983
1435.71305126
4995.30783247
1988.98454728
658.712344304
1986.64791889
1634.80642702
2014.85200487
1942.08668027
1993.04640615
1934.45136139
2351.0695185
1332.81738247
5201.02944438
1823.39510553
1511.44917391
1625.3705364
492.153915461
348.925721839
3155.20163269
479.373321511
227.721945849
4345.75732887
1637.4580911
1784.23558594
1742.70226679
1736.0168279
760.834477278
1839.95135104
769.965890063
740.566836205
724.002623395
721.09093849
1444.3449995
1624.35619118
667.112172038
650.926188511
2392.29294182
1811.96373211
3532.43610414
2311.03500165
2092.8202682
1928.28518262
1795.77342618
1649.87919564
1811.60578019
1778.13980253
1747.95533282
1660.94788163
987.585735854
1638.55184742
1583.15228183
1652.19585188
1656.53251686
1551.61703918
1817.06946691
1744.80913627
1760.69475011
1760.77743232
1561.92055585
1635.66323601
1648.54306614
5384.3984336
1839.16782324
1440.12395913
1809.81091094
1554.73335312
1570.53810926
1331.1838126
1570.3921687
1514.95125763
785.35695206
1588.12302472
1764.62167184
1662.95096827
1556.39722076
1821.1394513
1625.85321879
786.951826047
2089.82775905
1804.66686562
1515.40664803
1732.95611441
1576.711207
1439.20350867
1732.26748006
1756.63231464
1765.04514052
1475.05305213
1450.26151076
3274.89483624
533.963217332
2503.75169359
1500.62655695
1442.20479678
788.67158409
1553.76939603
1465.1063673
1579.04562641
4305.19899205
1567.85499295
1959.94161667
1977.09805038
1762.86887693
1481.20659913
1575.48727008
5560.14539447
364.139747046
1564.1099857
1956.87809441
1963.39926471
2371.34633064
2104.56877495
1781.93821501
1773.16842234
1746.52254316
1962.41307549
1516.29871789
1620.88386495
790.710357798
791.622790229
1727.26862599
1779.56802704
1749.02883707
789.671479273
781.929548171
723.248856185
1304.28576559
5106.50571974
1486.95935514
2386.16019859
3504.32181818
2341.78585364
1672.57405851
661.444302702
660.899076926
1981.96313089
1956.04034648
1657.4555633
1545.35902456
2106.57820577
2083.04759517
3529.62658424
1962.73976285
1992.36751881
1979.25194076
1553.94658798
8642.71732638
1321.71277695
2009.76397841
1905.3102148
1306.34257149
1566.67511954
1574.05501231
1832.66461696
1819.95473696
1824.01363824
1702.40036623
1835.80258921
1827.67057597
1670.94669419
1829.78416806
1760.8186765
1837.1071681
1835.90053175
1549.42848845
1848.13736426
1845.97966228
1578.54023195
1596.28409581
1785.10056162
1771.76191063
1457.76706955
1462.4906084
1473.87232028
3369.06510228
3308.08397518
3527.81107208
2267.89997816
3490.3184713
1971.53840789
1655.20162256
1754.51950451
1888.89848434
1624.00575912
1609.65752415
1471.71410235
1574.59665781
1565.30831972
1562.08273662
5022.15932384
5020.94470521
1670.7039189
1725.62813902
1821.88312855
1528.96880537
1552.17231841
5398.62757821
635.354073526
588.985053877
618.818994578
1986.85617577
1491.04828447
1497.17647847
1645.72852512
1575.20460025
1443.95320555
1477.72899911
1464.48307199
790.217016208
5135.17054774
5075.00364437
4609.78896198
5407.61092005
1728.84709526
1757.14992521
1475.05908625
1987.83158194
1994.64002636
660.192564879
1984.37617435
5213.39926607
5101.59806077
1662.63199153
1769.30671625
1770.82500603
1870.41733606
1827.08317488
2000.14903185
1982.41187316
1629.972212
1754.58916211
1772.54642639
2725.81672217
2390.77824169
1570.51487611
788.845595633
783.659251048
785.759330686
783.175153942
1560.08080496
1583.9824802
1658.99015702
1561.26265118
1567.7615968
1667.30628949
2229.74257349
1600.15063763
1824.60707851
780.431610647
1763.90120454
1476.484055
1824.51217378
790.882607282
1622.68794291
1482.62589625
1773.02127877
1457.3575188
1426.95435823
1510.57837844
1994.6858073
1919.25184513
1961.38561219
1972.74187573
385.167093206
1525.56072394
1691.16546921
5129.66566677
1568.56680617
1552.04402852
1563.90630248
1549.98523657
1569.85159773
1571.65088154
5084.71461662
1567.13013
1567.76936511
1561.31229231
1569.26454566
783.239593394
781.027135548
1432.28302073
1566.43099264
1568.28560218
1970.39552237
1963.73813265
1961.01618987
1569.81278802
1962.79902253
1960.78825168
1959.76987242
1972.83473808
2161.49380733
2205.33229586
2182.86485208
1741.5623069
1773.33571432
1756.49018462
1772.86128814
1746.53868947
1365.00135057
1471.67918235
1455.12880383
1396.08740865
781.394622923
1935.78356252
1649.93250955
1664.57740299
1659.00531317
1720.4563871
2181.94078
2192.01139998
880.258576089
880.897884084
879.402685798
2188.36459034
2231.34725605
2386.8520248
2441.94765498
1814.13351012
1543.62826362
1601.12551347
480.023182704
1566.90985053
1315.68572375
1551.82312615
1591.2693369
1348.05255824
1810.44304495
1666.97010909
1821.79474939
4887.84196155
1701.10999293
1632.63001707
1953.50124019
1788.3695835
1753.46405119
1730.38826188
1741.68190192
1972.41269939
5109.79375557
4972.78026855
258.543327014
1493.545013
1746.44309222
5454.95545962
2015.59433518
1757.11456864
2332.70145676
2349.81399088
2362.57740945
1577.81565653
2345.27349234
587.714296305
319.713746993
329.505721011
291.191242006
301.97865874
328.223959508
291.301882979
2358.97695598
4362.47536934
347.977472802
3300.5407088
1675.99603526
3104.98434876
3302.73038633
3228.47243934
769.691677973
699.832823641
652.668892453
665.219093508
1507.10708674
1819.37355699
1446.22711395
1433.66766107
1442.62818567
1436.77048866
1457.89876189
1694.85953061
1499.26002446
1299.4186328
1776.86368541
1508.29677723
921.039012452
1852.97095503
1459.52500525
1028.05983436
1057.36950441
2103.23263282
1557.4381545
2102.47483279
1508.81775668
1559.1330308
2017.88265789
1572.47315614
1584.26715098
1551.64798341
1575.90766749
1582.43707696
1549.22404653
1572.36710793
1567.31440112
1493.23630757
1325.53863495
1348.0801715
1494.85748779
1478.03096312
1481.86836626
1474.4219218
1490.49710902
1478.96486272
1969.5359794
1482.45478056
1653.26573896
1578.15381938
1723.76693114
1500.5804638
1478.70898681
1488.78405149
1798.87903618
1761.12635002
1753.23909277
1762.28930183
1768.34000251
1975.96844167
1985.77816094
1970.64011919
1979.45180343
1972.82842493
1756.92367767
1313.12051757
1753.43575443
1760.35396872
1322.86050919
1326.10637133
2006.06927969
1757.01383494
1333.01912118
1760.66760322
1729.88859202
1762.51397927
1758.43276814
1753.66920416
1738.58938552
1770.84005485
879.558125027
1743.26619946
1755.27657224
1776.038294
1750.39764537
1747.38693643
1773.5719989
1761.28740543
1751.54128082
1768.413283
1766.73560989
1341.92412753
1468.95484175
1482.46662862
1479.61929606
1483.75578612
1508.72733644
1586.11211742
1560.2963908
1573.46287331
1479.71522713
1489.02093164
1752.9948732
1484.08528372
1702.90908318
1485.4993312
1487.54326394
1540.95967916
1578.16438573
1557.19959287
1561.02598103
3664.03520866
1635.07115519
1048.40950948
1572.89439673
1567.81218848
1577.87613163
1549.59847826
1574.57370629
1564.62808506
1597.01153897
1575.79802323
1565.85462896
3034.07255634
3140.4242044
2100.01531696
2283.95221095
2354.87859768
2278.54139745
1966.26000969
1965.99265503
1485.36800864
2368.34491631
1762.73914204
1581.49936026
780.889467466
784.014115161
786.882833022
2323.57142102
1787.43782212
1759.84617692
5181.76159601
1762.14947659
595.057884845
1466.53726416
1472.07764551
1479.47616297
1485.36120195
1372.72263654
1707.51422611
1770.12691979
1729.72556358
1490.92006677
1414.92945359
1618.50237728
1772.30385964
1747.45408071
1778.34993102
1771.34394374
1733.63161379
1742.12977323
1786.52754333
1745.46688081
1741.27030738
1771.87688398
1743.46354758
1745.85575637
1746.83377836
1765.15401251
1787.43750428
1754.89006407
1747.11117385
1776.98596103
1747.15327589
1322.55205328
1762.12362969
1747.54785328
1749.74675611
1560.46912666
1562.83937464
1574.26801423
1733.41136805
1758.72462658
1967.42717756
1644.48171618
1565.79748199
4415.3717218
1752.38200723
1736.98033944
1554.52060849
1566.84264772
1570.22383769
666.174033487
659.052841161
327.469829281
1552.14744373
2233.55233453
1654.15323454
658.807730383
658.123318104
657.471650858
1630.78314023
1541.9541593
659.570327866
660.185026089
1571.45361865
1650.99056227
1660.75499592
2104.49046911
2079.50057354
2119.16248885
2073.59361554
2075.38592717
1763.52441327
1638.12986374
1584.69950809
1557.26491954
1570.8280257
1982.28478135
1766.76372873
1738.93439816
1574.03539023
1597.08481902
1481.04736617
787.334829346
1926.86187918
1577.44929875
1577.83241357
1529.25958479
1584.33519285
794.197038015
779.138206303
782.648717671
1583.28294637
1727.51601971
1771.62793915
1467.58341997
1465.65457257
1473.47149612
1989.70091341
1646.30901717
1634.90608351
1648.66134099
1656.94692568
1661.57002848
1919.34587075
1774.67079249
1639.1501705
1577.03675464
1656.12846731
1644.17177726
1650.35774323
1642.52095593
1651.32166961
2211.44004146
2257.854186
1642.4358028
1636.90570066
1641.45546545
1651.96906769
5102.51587437
1631.56265992
778.358473988
1564.80734949
1812.43315173
1898.64947976
2257.53599416
1639.40466437
1528.6662234
1649.94753082
602.501558153
2018.72740262
2935.25685596
2238.43892486
2934.27429605
658.777481163
2001.93079124
1861.77203991
1956.05995064
775.215199281
2056.85604998
1976.98541267
1755.05073201
1752.61173706
1805.00312941
1632.52917914
1643.94750241
1761.01782937
1969.85914189
5393.51074444
334.498956489
328.78626058
2264.14174632
2690.84808999
3299.67391377
3311.38116532
3316.26992122
681.839102922
1721.41114998
1800.78502971
982.835266854
1564.02706243
1559.67716582
1026.44310888
1596.11289248
1566.61028346
1039.07467688
2117.08399516
2006.63132647
1576.75894008
1550.48877905
1434.66525985
1951.19327237
1656.70111686
1745.63164187
778.478325139
780.42923082
1958.74919907
2302.97770328
1848.02712318
1410.74579363
1570.18464758
1870.89150771
2250.91171652
1592.04859538
587.687252419
2022.31361535
1835.33385572
1970.97951867
1969.40195686
1797.82129816
1559.81357593
253.16558852
258.689708781
5006.01646021
585.780144468
3249.42011775
1677.06265372
2930.63156679
662.968327266
325.296829153
2213.2139599
2325.16152279
3450.98216529
1469.77129639
1999.40295356
1764.90579643
1784.04962482
1586.31622905
1662.56304435
1432.64142064
1495.29266296
1472.70671567
1482.86131056
1493.36295829
1485.03718091
1476.91361951
987.933050275
1492.060816
1586.64936096
1486.14285304
1569.56548665
1571.72243229
1568.89694765
1489.38946274
1493.92888737
1560.48811503
1552.68596861
1552.33852875
1587.42227508
1544.8165494
1532.36020394
1611.32748796
1466.37344211
1574.88186973
1583.76105264
1506.4633764
1315.03546947
1320.01777926
1342.06267304
1462.81229683
1471.54823906
1570.26003311
1496.05684836
1459.94590959
1470.39612889
1483.35645476
1482.72062801
1477.80323728
1997.10540407
1360.32124489
1485.41192804
1486.56438912
1767.13378302
1393.90871918
1323.22686672
4417.90163745
1497.40951485
1455.55671868
1483.95994204
1473.10225241
1483.47418237
1475.12338839
1309.78266317
1764.81501121
1472.83813855
1762.38333796
1769.62308826
1900.58969208
3090.85715356
2186.34012116
2225.23593902
2216.65120007
2160.35688353
2213.64608324
2225.06171171
2176.88839657
2191.12750893
2222.6661022
2205.5055482
2159.94543067
2208.82399231
2218.53454845
2190.29461627
2198.64741461
2219.64108197
2190.79112461
2198.92723211
2213.5134593
2231.76693626
2180.62605098
1987.67885108
2465.89575312
1977.12487173
1974.21865406
1999.53447404
2100.43791896
2076.99310474
2088.75543978
2099.71426426
2237.03449913
2198.77175314
2101.43428051
2078.85679055
1763.33129284
1763.24089328
951.762245504
1560.36864664
1567.85474355
2097.1029914
2093.02923967
1555.20154533
1570.99388342
1570.5089647
1568.52285767
1570.08987456
1565.60008692
1585.43529713
1562.90668765
1573.55407877
1571.06725814
4700.09099327
1577.23807859
1573.06681716
1604.6930552
1776.78828381
3505.74550314
1575.44539233
1540.02954712
1475.10746227
1487.88541708
1469.12575109
1549.81976885
1559.22566177
1564.85270806
1483.55659866
1479.97827572
1604.97742001
1445.52449151
1744.46729563
1755.34950877
1764.0172818
1770.07795756
1791.70593772
981.193754162
983.75525841
992.588140442
1759.55811326
1779.20037584
1742.74740346
1756.91723328
1757.46730201
1762.27199112
1961.10026137
2202.912149
2183.38749945
2220.01496548
2219.53054945
2171.81950064
2637.17529511
2226.28930067
2199.58943213
2174.12693162
3111.38782872
2225.97107977
2184.09780395
2212.5152511
2226.80244253
2212.05761906
2172.68938452
2209.0315327
2229.98980183
2178.96370599
2179.71783812
1578.97845898
1566.90636255
2343.71797676
2351.24658612
2349.18932455
2339.42747805
2196.75007913
1564.21041476
659.86698151
2352.86972095
2215.15274607
1565.66878125
2351.52280485
2345.44688467
1812.38786038
2345.26275935
1318.49111943
642.122107425
322.36858179
327.93280235
329.558183807
1659.55320195
662.978627022
661.833206399
661.905402019
659.395719017
666.676491474
666.253533933
659.796863649
664.787844506
1657.25474247
1321.76843263
343.341886117
3450.72712115
3515.96800528
1396.14763311
1397.73748106
1391.09130182
1745.00010201
1394.8531615
1589.10800401
806.918315118
1665.48277056
1770.06774423
1761.68823425
1397.38542984
1395.23825786
1726.14771554
1541.53404659
793.679491308
1564.00222506
1579.44927677
778.850638705
1574.6052481
1585.2016102
1588.14599231
1571.07564993
1578.42548038
1806.96439619
1769.50304424
1750.41139303
1775.45196044
1768.61849237
1766.16151134
1779.60312759
1628.40275364
1628.8671903
1646.95341338
1783.9141894
1557.67680426
1743.05672507
1908.8673468
1568.27531556
790.463317477
1491.28887579
1593.74264098
782.340229698
1647.24127017
794.602352279
1647.17737609
2257.97537169
1756.59230445
1781.3765365
1770.30616548
1668.94273993
3397.79505807
1602.50261699
1558.98281675
1653.66373817
1665.78993382
1898.55328092
1950.6313821
1763.02784295
1560.09787627
2252.85167427
1737.82666696
2085.65915939
1323.02102552
1318.78353096
3280.86010419
3594.82965831
1317.53868991
1315.95865561
1318.97334063
777.549360003
2009.84921255
1794.01818424
1759.36172447
1753.93055388
1841.70959975
1969.79279929
1979.26156667
332.323766206
330.692824332
1979.37922329
1968.56812818
1569.74880597
2171.44564222
3283.55063005
1319.20931722
5173.07948046
4965.2873055
672.743711438
1742.6851722
1802.81154108
990.55329849
1569.1820479
1569.22974124
1030.45452096
1599.66167295
1564.29020967
2102.7015991
2112.49016028
2085.25367024
884.722255124
778.402075237
1580.22779541
1951.01500705
1704.81862164
1761.00782515
775.911580026
1953.8322349
2297.14308509
2302.45505251
2253.9185287
1651.28066566
1568.60478987
1980.92529604
1557.41271966
1595.62836144
588.249928649
2003.55344387
635.219728614
660.565641193
1965.05159257
1495.53093052
1551.20231571
2000.11181507
1902.58791403
5019.91469636
2072.97742352
3243.44306658
1870.94103928
3247.475898
2277.46474652
1605.6502546
1657.13260753
2329.17408275
1766.6243706
3476.7017253
1618.64129765
1763.79064298
1776.68652131
642.42910457
1662.13266487
660.303257337
1967.17244938
1956.89410969
2349.08115469
2340.47895996
1718.71760064
1649.77305112
1658.2935597
1656.25269715
1338.30543992
4596.20043016
564.348250368
2017.66565173
2086.01797189
3122.43089991
1969.50206911
1635.3888224
1727.20121022
1739.28767048
771.700519601
718.459807759
627.776961486
1652.1723215
662.057052186
1732.98239697
1750.82746907
1966.20344542
2352.25531829
784.760489666
1372.1501197
1577.50541445
3231.68714597
1360.04623075
1383.23004633
2291.77619948
2197.40506816
2027.64327848
1665.6368316
1832.74500264
1595.95800842
1546.53503138
1704.80405531
730.994503671
1376.86331885
1469.05763187
5066.12853954
1453.97331653
1443.66225902
4891.73762734
1836.16772195
1718.49572806
1738.86038134
1886.22934324
617.393970412
1714.24336416
789.419982801
1483.80032878
325.910525318
1609.84390341
1596.14220654
596.809817786
1732.52814784
1820.81954813
601.520726567
5538.36677616
1560.87508978
1447.640149
702.030427894
672.688461909
5114.77737907
3039.20644994
2343.34288799
1798.53580183
1983.35001568
776.559184838
714.901032547
1998.92748953
2188.4839659
658.793958843
1495.70520397
1794.2290604
1777.46488504
1825.73562679
795.641045941
1743.1105844
2090.5098751
347.135332053
5355.04919514
2093.39331403
2191.76469219
1429.29487978
1849.58105542
1481.27798421
1733.24144318
1672.36911609
1662.34129127
1676.82849571
1669.32291251
1667.97527259
1662.53354288
1671.6498026
1593.28175384
2251.00229562
663.018117712
1844.14865524
1787.96001536
1842.08943797
1835.70480322
1874.15192134
1923.60093308
1786.52192709
1879.44558153
1547.83067679
1582.28112125
1383.03179746
2028.85585191
1920.93485436
1592.67454636
1322.80573548
1572.19183948
378.829371395
2217.54742927
1559.45237896
1609.16755795
1720.83975724
784.197237661
787.01039151
1501.63921893
1474.93292267
1465.48215023
1745.30008129
1471.81166894
1797.62953292
2047.55813716
1646.18673855
948.707071015
783.665555306
1837.22581207
1791.04778306
1501.76367496
4328.01505413
2317.21339678
2160.3387461
1781.82282189
1616.26675639
1696.99294801
1677.58401931
2082.07343157
5052.37936666
5129.24455145
4328.83261248
1850.70616892
4452.87588101
4368.04354067
5113.62887156
5127.63038093
2295.59035311
2239.35977916
1684.37807444
5119.13374565
1715.53319582
5190.51626734
4276.74430943
1453.93353884
1444.58278869
1448.10487221
1594.37976891
1675.56367292
1630.53085505
1823.01504263
668.516115762
655.7123518
3406.26851608
3407.16365034
3366.04487168
2012.37059151
1802.36424526
1835.99693943
1771.89481369
1678.24882513
1531.07644467
1564.81737157
1757.65003209
2267.42711685
245.386469867
248.416036927
1985.33033179
1473.65432568
1492.54908623
1466.07759033
1492.71504608
1776.98031853
485.455850306
480.724456018
1747.13165834
1986.75381967
1858.57287431
1779.09134884
1759.51410541
1785.81429453
1727.68892167
1727.42273302
1721.41923033
1726.27118157
1761.73373053
1719.82869698
8458.16381938
1758.27122517
2460.58742672
3191.3190906
3203.8759071
2961.89264566
3229.49011712
1730.071542
1484.47728344
1516.95865407
1586.46429238
5274.04459779
1799.249333
1793.73852432
1843.52626148
1836.90079282
1890.21642437
1751.57658805
1930.79252057
1760.04263078
8532.346956
8501.85455294
1843.67235269
500.626893361
491.506495717
479.471127727
3284.3158789
1615.93915405
741.696496563
490.93123175
493.907756053
248.310183013
8547.97664089
5393.40461656
1669.56706307
492.656521294
484.894376301
494.931210706
1789.22606375
1740.84339891
1483.30958511
253.291923389
280.630107265
1447.51002996
1621.4885093
1487.80042635
1741.16043634
747.396469486
1957.87669577
1659.14751828
1796.61489264
1772.7348597
1745.29301068
1809.31215705
1959.51352094
1774.3625742
1372.23694529
1655.5777557
1956.48025226
1610.62353468
1797.0573
727.796225972
3288.370838
1666.19983282
1962.0434957
1956.85521589
1730.88663359
1666.95261956
1710.74818587
1586.49822929
1732.52621055
1811.6996748
5131.22449026
1834.42008128
1994.55083817
2008.53605032
2022.32820826
2001.86140965
1365.59000541
1652.63293579
1893.76431917
1760.00401855
1983.29258157
1994.81773806
1782.99020779
1726.6008782
1814.57607418
1592.96548391
1973.43926353
1987.15858395
1587.08383157
1727.04468884
1499.21310798
1465.17076932
1731.18239019
1492.58499549
4894.9466373
1774.12728
1737.49134816
1770.88632842
1571.00231973
801.183939157
755.555046555
1528.2451247
663.475860079
1914.04642481
1554.23279816
1589.6796427
1598.07397
1775.84769364
1729.62945764
1848.22028752
1734.36632545
1738.54101169
1700.83870464
497.049995056
1997.38539657
1722.39797073
1711.3401759
1733.98264071
1811.51786951
1848.33221332
1807.21740555
1970.88922934
1974.36829645
1972.36356774
784.784581592
1670.39583677
1995.61138673
1756.51549822
1576.8717072
1597.92890459
1576.23025311
1577.27119908
1484.0191685
1423.62299057
1587.36499315
1706.00595534
5116.30801643
1667.20659282
1663.03943955
1330.65752828
1672.48483665
1676.12828084
560.430174022
1808.90465583
663.856014459
991.01413526
4310.02097423
1668.97049781
685.202827957
737.444507057
2359.7044511
2341.70110487
1822.94127486
1583.58047408
4286.42997346
782.273952014
1162.74029157
5019.44809388
1666.54168037
1718.35562122
1625.87537056
1758.97473726
1765.66643162
1774.86598812
2070.26205379
1756.45967851
1436.55276563
1475.17177105
1448.95686512
1760.98276054
1764.70796
1778.05112534
1745.31803114
5543.54306838
1735.03660903
2062.16195033
1475.701106
600.566265857
1806.26388679
3331.47779598
3163.6847101
3215.71496062
1806.40356938
1488.75834189
3142.48031315
2033.75337345
1765.43312398
1771.3392028
1761.03482954
1771.98940686
1766.71938669
1470.86952712
1464.56619745
1477.23331745
1463.71417308
1750.75375092
1767.38119795
6302.68252528
2066.41508783
2023.4000758
2266.57174923
2300.41800081
2362.35596318
2359.08638447
2007.51566322
4999.32868411
1790.95656965
2647.04242291
4434.09944282
4421.60298218
4385.18249854
2037.86767016
1766.33419713
1764.39681758
1767.54697533
2256.50534905
2294.76534945
2364.5789916
2274.47417426
1774.94991197
1767.22653992
1765.49264483
1726.51688529
1988.94847237
1666.37072941
1734.73918877
1742.27525168
1994.07612521
1963.16397515
2106.90060439
2270.35354339
2240.40573945
1586.23666012
1730.53195415
3551.71111417
2172.80361562
2223.2758787
2251.84942704
2167.98549087
2177.56866615
2242.7187484
3505.8415056
2204.54956323
1547.89644441
786.801388122
1560.66837147
1569.43108255
1571.89068241
1785.69886184
4309.49370096
1796.47075726
2234.76748626
1519.12129528
1575.5628976
1674.91095284
1797.14549947
1525.86559324
1316.29876028
1320.58114287
1323.84976788
1476.09609345
1458.61101539
1679.71177379
1731.14697145
4988.16996591
1723.0818647
1763.51546618
4365.66482083
1799.45003858
3111.51983132
1719.10010677
1767.19939566
1811.31317202
1747.31494918
1972.73393366
5293.13883696
1820.13339238
1320.63062067
1626.24250507
488.878195734
1501.59608078
1981.92972844
1506.79778217
1442.2524379
1758.64062213
1497.06395619
1483.37373361
1730.56656971
1058.47129766
1624.22594132
1037.10225206
775.985323942
741.163236061
724.319516601
1731.17901477
1577.78652417
1761.87534392
2179.38093166
2197.05799472
2193.96172346
785.617301775
1972.62808131
2312.07140746
1605.86809011
2281.85464284
1832.26653756
2296.72431179
1810.40449588
1762.16711297
1758.06515516
1592.45083925
1643.74513675
1679.77188381
1647.47785156
1632.3911758
1677.87174459
1459.56929891
1879.23811601
1462.48011971
1755.29890702
1610.54956183
1568.51623286
1308.45296829
1573.47406472
5376.05293145
1747.1441223
1707.70386985
2155.09985596
652.691097288
1359.34366678
1570.4966652
1556.69479805
2087.54160439
1751.66555827
1599.69404264
1934.83318861
1360.43412546
1986.4010715
1424.21915338
1381.59939005
1362.58390756
2088.73011966
1803.86276532
1530.51159841
1759.88346368
1828.47532432
1596.28287962
1741.39495144
1465.19480255
1476.41746575
1737.7100709
1473.15429376
1444.7624862
540.366415003
2491.82879689
1585.61650983
4301.06879043
788.108303263
2230.54676883
1605.92911015
1579.6194432
4305.80567027
1569.52151623
1960.23567618
1979.28662178
1767.48763062
1716.39049939
1570.82320185
5571.07958961
366.811177898
1564.52955006
1958.82483343
783.607445676
2372.75180492
2073.46642416
1775.08207894
1770.95507575
1834.98523779
1344.97507905
2229.92855696
1631.17211327
789.219533166
791.220035854
1726.54087689
1779.31936809
1747.86450065
789.578032912
783.366907314
778.602788265
3128.98279437
3421.83636752
2505.95929367
2355.88862473
2344.39418909
2352.77532475
1670.68485554
2296.84825855
1963.78347705
1660.60760489
1964.81425671
1492.22371794
1969.30180648
2328.44522585
2364.25850037
3527.04598499
1317.41029045
1991.93380287
1633.5211402
1997.11729275
5124.32415885
1753.00489444
1852.88613724
1761.26590846
1558.68326411
1811.33755356
1844.07879029
1835.37232327
1831.73642927
1578.46960717
1580.03011689
1529.65493964
1510.57540882
1730.19684163
1440.83135912
1666.4525198
1837.71734663
1582.74938209
1918.20129062
1791.73763139
2020.63546536
1741.61292935
1590.50065545
1781.68199585
1475.47403644
1459.99384366
1463.8382274
1447.10732113
3368.78561639
3311.96453255
3525.65688175
2275.92370558
2486.79393556
1696.74458578
1965.9257357
1746.02712088
1514.49403852
1508.43814938
1608.67518848
1463.86855218
1576.91904567
1565.2925213
1545.83776435
5348.58584372
5156.3558994
1658.01702923
1728.82860902
1455.33281583
1520.881905
1550.4604195
5016.52966492
634.347030464
781.3061763
619.271356481
1647.83596984
2229.69656723
1506.80770412
1646.59064405
1525.87041811
1441.46266275
1479.94000831
1454.19531962
792.98374074
4511.44733635
5252.5862283
5216.40307583
1765.39748826
1674.55437837
1751.27357909
1473.8376486
1665.29280316
1668.49847398
1979.66529357
2213.18462495
1532.40760716
2243.54985598
2214.97811727
1598.0948518
1777.89104461
1762.88186128
1824.58531197
1999.81754092
1746.33361538
1750.5252749
1764.30287557
401.052806552
2631.04542328
2408.40099849
1756.82812241
1578.10008012
1553.55847956
1562.42580026
1572.75449132
1559.28823552
1576.20906989
1771.77694064
1785.49361832
1873.49242063
1567.0228415
2639.24148833
1783.51549054
1823.61416213
1820.62022543
743.523766862
787.548815398
1828.11925794
1830.54208022
1628.29015452
1485.0339191
1760.56236692
1456.05052218
1450.73622288
1507.65523732
1581.86126598
1868.54550778
1959.75854256
1980.43496302
384.039020605
1477.77958625
1679.91376805
1989.41593395
1960.25108058
1554.74255929
1563.64901277
1555.71582148
1572.14461598
1578.04769167
5083.63079708
1570.60734423
1569.77895305
1562.2541916
1569.36026335
784.205045771
782.09012046
1429.22293168
1565.82846641
1557.18694839
1968.25426286
1968.80724714
1956.84401298
1962.57517167
1958.05143428
1959.12326235
1956.21399078
1977.60079076
2175.65312468
2198.44001573
1669.36103832
1652.03466494
1771.60823806
1787.15589959
1665.08489034
1655.07976012
1704.25533321
1472.80294812
1454.99678975
806.274601052
1957.52166751
781.262893714
338.971793819
1338.95379411
1608.39191787
1664.28411133
1744.90193437
1753.92230064
1762.11881828
2214.52768253
878.944169498
2208.82543302
3335.06861687
2336.55992286
2443.67787845
2223.27587487
2283.71455832
496.449974216
2257.71481464
2238.47746701
492.536263376
1985.52644725
1798.13841727
1960.24069674
1805.41088637
1634.41534701
1425.14039058
3300.78864504
1636.9833591
2183.61347255
1445.54908429
1795.20220358
1762.43527877
1448.1791747
1432.19161765
660.401437605
1788.44455446
1558.31926598
258.976931668
1476.33146307
1713.88401943
1742.71052111
2018.99444057
2053.95614892
2331.2206799
2352.99192582
2361.2048996
2361.10941105
2355.26173392
588.373451279
320.635748773
328.926244337
3193.31388635
303.944347634
327.91107728
3176.38153949
311.445761004
4992.12923178
346.994200994
3303.38387951
3113.70104296
3008.06869482
3293.64235544
3218.65543171
767.477487561
697.1935307
652.214423552
665.725821307
1575.18144961
1703.35075176
1442.8313553
1429.18256369
1437.59060989
1437.85778963
1456.08450755
1694.40452102
1501.30225084
1297.88937524
1481.36503397
1503.75829715
918.002465531
1854.30074492
1465.12996218
1030.71974114
2118.66385806
2098.56802189
2106.34113059
1494.34363487
1498.48377135
1568.05044652
2009.24057627
1572.28547458
1582.15271714
1550.85255775
1573.5062818
1582.29238522
1549.26009018
1574.039066
1569.66157506
1481.66138809
1326.48843919
1349.07873667
1494.64857591
1477.46578941
1481.05787435
1471.0747323
1491.13021047
1478.02150657
1473.94572541
1482.25010122
1724.30780967
1579.56088946
1727.12772079
1509.52101265
1475.72809482
1467.85599026
1797.07932495
1760.16830037
1753.90035767
1764.10019843
1768.28625444
1980.7513861
1985.63370588
1970.82997245
1979.58301443
1974.49563844
1754.70987386
1313.96830308
1753.07561677
1761.87203174
1763.43795998
1327.68558513
1319.07642315
1758.02101419
1777.4900113
1760.00760343
1729.68815027
1763.54641152
1758.14841624
1749.70575657
1736.92173612
1766.70416791
1326.46944232
1740.72144146
1756.07492759
1777.75595341
1748.50065401
1746.2867345
1770.82286383
1758.96389677
1747.30067809
1769.8903404
1768.42807603
1344.27439347
1468.68613202
1480.91470986
1479.64562398
1484.29217541
1512.41360879
1587.0112428
1556.75307394
1574.49582339
1485.15637913
1753.09632737
1571.94363515
1573.56023728
1580.53264589
1588.20289974
1488.62639396
1548.30205555
1576.89034953
1561.68144889
1534.4322015
1528.98021963
1536.69684381
1564.4073263
1568.856039
1567.35615127
1578.20298561
1562.31546338
1572.83679129
1563.65935755
1593.44335399
1580.62112525
1571.83266143
3093.14488432
3136.1625622
2104.49649312
2270.42450129
2352.87079373
2273.88453235
1968.29633873
1966.51767845
1483.78326623
1936.47501014
1547.36581676
1580.63253626
781.140960699
783.745098528
787.305238792
2320.05101083
1782.5604804
1324.17737288
4372.93945104
1763.54894177
1754.91054746
1466.16844347
978.646311683
1479.47670447
1487.07074109
1374.50427481
1713.6466319
1769.48568088
1734.03606499
1753.52634986
1407.14052877
1720.3343443
1771.34392516
1748.31634124
1778.47325143
1769.20078477
1731.94965399
1744.40754087
1788.59504076
1742.38339822
1740.30315274
1775.53189763
1746.29633371
1745.31218015
1750.19078193
1765.72278831
1735.07874675
1754.0733315
1747.92425109
1777.35711128
1749.28938449
1322.0636561
1761.05751588
1740.65656414
1541.25362527
1559.33767527
782.180917413
1574.03862821
779.828052232
1755.97910831
1965.69479294
1640.07288413
1564.97718231
4370.78795033
1762.48462264
1737.33252734
1750.95487722
1567.43246748
1565.80547274
666.56443605
658.363545802
327.327833165
1549.60689118
2222.27586599
1647.1963586
658.720639232
658.037601958
1651.00189478
1627.78587273
1534.00973027
659.67974589
659.988041959
1574.92157287
1652.60063291
1571.18483318
2104.48417653
3457.75514314
3179.48804751
3127.42512951
2079.08820579
1751.91735738
1398.5597507
1586.3940965
380.656350989
2216.76560289
1588.65329692
1765.56450988
1741.93402459
2108.49878624
354.484081757
1475.61700694
787.18965178
769.787980304
790.345784325
1578.69892367
1523.22506703
1586.78929869
1590.9940745
778.79489721
782.802155295
1583.15321165
1717.67610642
1773.25685588
1756.31871431
1465.2549707
1766.8101675
1880.34656274
1646.39635641
1639.32748527
1647.02830413
1656.94751353
1660.78138448
1917.3336219
1769.88675783
1831.74648599
1653.24069188
1653.77135188
1644.27882924
1647.11200855
1638.14870013
1652.83257134
1663.43490916
2388.71094486
1649.6937626
1643.23615761
1646.51109936
1649.27819313
3314.04146023
1604.33540459
780.548555819
780.12685892
1829.62715053
1907.52333582
1829.42079058
1645.74536141
1628.29611474
1899.25684981
1784.95899902
5404.57056136
3139.45133432
1872.80272827
3291.03297979
3598.91556309
2008.72655602
1975.97321034
1564.74245384
1568.51894792
1582.26954748
1445.39861944
1602.21172304
1744.83393745
1808.99392155
1965.99474295
659.67364752
1845.50533047
1977.25429241
335.415368039
336.188126766
327.876406804
2268.04544054
3284.38477145
1743.45048711
1567.06438217
4962.02906357
676.002440664
1731.64106769
1802.03617196
984.65879597
1565.90875439
1557.13601994
1026.81201676
1750.11804716
1562.51756203
1036.22178694
2117.27268149
2019.78470317
1594.61158327
1565.56973234
863.508061473
1951.74343785
779.091789368
1761.59580866
776.411491577
779.831626726
1970.17050743
2323.7485114
1619.52229525
1426.24311668
1566.41806673
1810.12733766
2222.11644577
1596.35214443
587.410767401
592.235676202
1843.29967489
1973.95823645
1968.32027058
1500.57771032
1573.81521666
1505.64387853
261.537477568
5175.62237902
2042.23436976
3248.32593002
2001.24606974
3080.87624952
3317.51465951
1951.38952244
2089.83956832
2330.54266961
3434.56655025
1878.69592046
1558.57943138
1762.57112971
1776.59572872
1802.12331004
661.99210158
1430.95065504
1495.12403568
1471.65993697
1484.22365708
1489.09219014
1488.44779648
1482.34399603
988.241191297
1484.54350208
1584.87489216
1563.45353527
1566.09396353
1571.33896345
1570.11549212
1492.73481915
1490.78594917
1564.84415134
1550.92603626
1553.92168151
1589.70301237
1545.97064081
1535.08959599
1610.42095556
1468.77903234
1574.26944126
1762.8052449
1501.20038818
1311.16975047
1323.46933641
1343.20707187
1468.37434618
1469.06306194
1493.93520986
1499.72170722
1457.87535059
1470.48525271
1486.00396994
1485.76807721
2960.02805051
1995.29323224
1361.7158934
1479.2964793
1485.0446281
1768.86149433
1396.68654151
1322.73694128
4418.07413129
1779.77526436
976.995800747
3463.90470048
1474.17576843
1483.72745698
1477.94415553
1307.18214389
1765.33669079
1472.60676729
1753.37760518
1584.04035293
2338.0131457
3088.52849624
2185.49665259
2227.5883467
2212.45343699
2160.49779793
2211.75624734
2225.61912521
2178.91493497
2192.14960921
2228.49613632
2199.83060116
2163.88206859
2209.71200265
2203.64628084
2179.5206372
2195.96227314
2218.57343923
2199.41218398
2193.35509406
2210.51865716
2228.25842136
2402.90263907
2979.00537653
2464.33829589
2473.35134743
1974.29891419
2003.55705595
2101.0515139
2076.80909364
2089.87319607
2098.71430817
2197.67296911
2097.54856625
2101.94151077
2077.3503702
1738.18900076
1052.97261533
2024.77057605
1563.50632991
1570.0011362
2098.18138781
2096.51856256
1546.81249272
1567.72670989
1572.6197898
1566.75301755
1569.7567988
1561.36353922
1586.18720952
1566.73004066
1571.1313541
1568.76805531
1561.16164949
1573.42188058
1575.64065926
1610.29178884
1777.51994337
3500.03951695
1575.9224987
1533.91184884
1472.20264459
1488.91634659
1469.64902676
1561.2994244
1561.99970444
1561.09109516
1482.79564284
1481.18830748
1584.45696039
1452.69095964
1746.89102759
1755.47564288
1762.72966615
1770.23126764
1795.09214103
1761.27785362
1481.55648182
1493.31813901
1760.33100434
1780.8305541
1744.17592002
1756.89241638
1758.63071297
1762.52632026
2795.2852354
2202.51733213
2183.5151372
2222.87811269
2219.34156136
2172.70449692
1767.59950674
2229.72498678
2631.30659754
2177.83011257
3109.39351404
2227.9482352
2179.94369152
2627.77040913
2226.48284008
2212.46338634
2176.95623093
2209.78829708
2228.17926773
2616.0867104
2180.81675132
2192.0428383
783.199595595
2342.04574471
2355.22312956
2349.46619376
2335.38406033
1578.42392582
1547.09845456
1325.76513821
1652.88556208
1576.02697693
1587.07507294
1314.71319426
1567.00111601
1814.55945204
1316.25884833
1321.07096074
640.903354218
649.161356326
327.9497641
329.815411684
342.398588084
663.155235223
662.123066781
662.830418389
659.503948075
324.239134821
665.67266687
658.615037812
665.256720236
1659.35886347
1320.49543061
345.09508378
3453.87461076
3172.4882057
1395.76088096
1398.57880216
3177.16876863
1740.60710402
1396.16324993
1591.21264986
810.744210014
2220.35358401
1773.12702
1762.1169055
1396.47433965
1396.93556996
1728.54845506
1543.76082522
793.0394902
1564.72730546
1575.92232137
778.520589822
1576.24056508
1585.25546201
1584.89567936
1571.47100893
1577.78261984
1920.95371448
1344.8615058
1751.05728449
1775.61273287
4215.40744232
1471.9441812
1568.00004624
1627.94915822
1629.68343955
1649.14392184
1784.72010396
1834.61264569
785.253555735
1609.43501187
1751.65449153
1330.66737266
1765.69172281
1711.88548292
1607.40459542
1752.1932515
1769.7369068
1747.5711202
1602.26474775
1592.18044468
1767.61650031
1772.02742273
1663.61699539
1632.44301712
1602.03841186
1557.45070199
1578.74835805
1698.12332262
1904.35588731
1568.57470246
1757.04678751
1440.20452679
1593.21238327
1759.57167604
2286.11115714
1321.79247775
1321.78605296
2932.246783
2613.17814861
1318.08251099
1313.69296132
1317.8071002
784.807473488
1963.29129185
1880.832247
1748.89945907
1754.25199532
1842.95747773
1973.20516062
661.604216535
1655.30613416
1632.5347452
1977.48842934
1969.65339464
1577.12756967
2005.72789762
3225.40470833
1319.61554924
5177.02854724
3318.19717035
669.409325765
1749.36801602
1802.20647448
992.995711087
1571.15989638
1557.42219006
1759.991788
1595.81584288
1570.10158288
2105.20449282
2110.13646958
2080.58458661
1577.83145175
1567.41240663
1713.60766554
1950.0366597
1669.72444994
1750.84297941
776.283031064
1953.08116572
2024.80497238
2311.78386615
1919.91028251
1642.03125291
1555.94013367
1983.87233542
1977.80851947
1592.91650979
588.015715152
568.812333953
1855.94900404
1973.76258335
1966.31872261
1461.68637444
1554.61517386
252.675366946
1770.81023482
5020.74966208
2072.38458659
3248.57727107
1621.63465371
2863.77646511
661.798563263
1952.37919003
2243.139731
2328.63290649
2073.56300155
1871.96845378
1603.53129165
1761.78019103
1777.64829698
644.496997917
1660.22635217
1439.70206586
1437.44797473
1440.48445191
1326.75576856
1431.4235638
1705.62855777
2010.0022217
1795.81183217
1773.44249552
1604.32167202
1771.43872537
1362.88580796
1372.85379342
1641.64241991
1765.39462783
1511.22303927
1640.14662406
1984.02336804
1331.83533978
1327.36783422
1326.50093325
1324.66487684
1343.54624693
1762.24503224
1758.49860892
1764.18776253
1759.79784905
1403.29766092
1571.43693722
1593.49222269
1558.40695734
1552.20373018
776.973440993
1626.17985067
1569.13829484
1572.03925774
1631.0540591
1543.84965823
1544.77734944
1465.33657842
1627.72197336
1592.18475414
1579.42275512
1606.46322855
1580.62142594
1396.74896045
1403.44922097
1382.58012068
1473.82119907
1484.96510181
581.087909048
596.448870935
2108.95294801
2165.85051531
2174.31999356
1709.3796057
1454.67834057
1477.55196297
1492.50725647
1495.10471631
1978.59957012
1972.4977252
1477.44258212
1479.09217162
1983.62707121
1571.4456853
1665.19053714
1401.92348338
1482.14250234
1500.25051154
1960.902921
3492.72304291
2073.97343338
2079.40503673
1426.00657763
2015.67465348
1488.13886815
1472.62802361
1507.2490013
1708.40676609
1775.90962386
1722.9271119
1764.2541337
1713.33903856
1546.86890645
782.140752819
1586.83028345
1330.13622987
1469.86767119
3297.35620429
3639.95721803
2516.79517311
1653.21897268
2086.35323817
1734.42581278
1992.867701
2304.17377656
2080.57130748
1759.17076964
1969.08637283
1328.85582732
1535.1412964
1331.53195351
1329.26646613
1345.41933779
1760.17464869
1044.67280606
1327.08369281
1329.09909503
1316.99188868
1757.88877903
1587.5965091
1990.57918815
1973.75166977
1536.37916426
1325.68939706
786.778630611
1559.26401034
1558.67003151
1969.94563635
1617.1325315
1604.50447791
1559.57475119
1638.41634539
1586.89096984
1612.65172616
795.093970715
1574.35586676
1400.51215733
1399.05598532
1845.96311121
1684.0953491
1553.03660843
1468.22787576
1455.46479358
1750.38652385
1465.84860311
1832.77736735
1768.04148969
1748.89693084
1752.30336859
1806.11318563
1571.28476732
1621.55732194
544.902423881
2078.88441072
540.170581459
1401.88127267
1757.19766159
1055.70614004
1417.52602403
1787.67283106
1646.04816831
1743.46797034
1586.19776202
803.38904062
808.685821047
1566.81682338
868.82131198
1630.76834878
794.589621482
761.318660912
1651.03224186
1657.52428812
1557.86185667
1571.55955711
1568.12532474
1570.12990411
1570.13806203
1567.2468657
1566.38222588
1566.74118981
5168.59401489
5097.6396924
5191.50618518
2000.51976413
1749.17985218
1769.49760796
1830.36327255
2003.50664582
1968.83572368
2287.33694387
1318.91553527
1319.77137446
5225.54318137
2801.89884628
1600.17231573
1874.44252815
1326.52236846
1573.68507917
1993.1632657
1336.14262121
1975.91408387
1856.47922701
1327.7225603
1318.95828712
4438.00239477
1394.36940567
782.25578091
1569.50988221
1400.9452697
785.103415685
1399.98108877
1394.36934082
1389.65702326
1400.23581886
5341.02677898
1614.27038417
2355.69529193
1395.43391503
1391.84570171
1393.484132
1843.5136345
1829.06319209
1828.4861067
1695.42551421
1476.78760368
5165.68042201
1478.28950413
1479.94843719
1404.24508927
3263.42049089
3606.53080088
3612.09204166
1570.08063156
1581.02114888
325.863739012
2328.53182252
1595.46470149
1645.6123145
1659.52983941
1338.56902203
1572.06424668
1651.33779261
329.806225111
331.446649211
1651.06625725
1331.82766474
1647.33164011
2074.24426163
698.886375448
2094.0137885
1749.70153132
8478.35834351
775.519465157
788.784694066
1853.09818866
1649.25832757
7637.04536731
2316.24046452
1757.74505346
1770.2658599
1319.94523169
1648.48739174
1461.2187329
1647.09947372
778.888804638
776.359387296
795.13721134
775.366909186
776.446634112
1611.47614005
1554.34037923
1565.72997187
775.881381587
1614.24128055
1483.44247449
1494.40352608
1465.16935574
1567.26348436
1670.33438747
1634.53767897
1661.1915808
659.621440888
1571.75429553
1431.86371525
1632.4409454
1552.46241668
1543.41893412
1584.74095196
1587.59796267
1540.82269266
1621.10831796
1570.60088586
1570.08289262
1561.05134699
736.954295702
1756.12938436
1788.50159206
996.343716186
1575.88575143
1614.94577199
1033.81753742
1588.89400526
1036.32152188
2109.48186784
2100.19591974
1059.04393545
1705.22120754
1777.07157023
1770.64275336
1949.80217972
1321.89863778
1324.20296708
1298.5976755
1808.25333756
1885.11575775
1331.54418032
1323.22878248
1309.44685326
1965.7955817
1319.87719272
4192.29298506
1981.9741775
744.004850521
1727.32566315
1704.39950549
1330.94584786
1313.42063669
1325.4995484
1793.5683356
1324.01202565
1313.78680057
1315.84039231
1320.65455391
1726.3951049
1327.59443026
1774.80161689
1646.76390832
1328.24268074
1399.87159819
1418.39402455
1548.13255948
1559.83569628
1550.23901936
1613.31596584
1560.34484285
1534.70169069
1600.08411966
1430.95964265
1484.72456857
1468.34470418
1486.50732251
1494.15931936
1486.88181829
1745.51970858
1317.33117783
1320.85342839
1320.58558087
1316.43750183
1323.79749668
1565.57146851
1570.02495745
1481.05868543
846.818875681
1635.1599546
1556.81973627
1558.89465616
1586.55529468
1553.13607622
1548.26436741
1620.51058357
1569.40804588
1756.72094977
1772.44749396
1769.83204423
1309.45234839
1317.38134017
1351.86812533
1481.9762109
1486.1324259
1587.77061478
1627.276191
1457.02022994
1476.0213227
1487.3785462
1594.198019
2954.90539448
1328.48851485
1626.64958692
1591.7210218
1581.79124713
1762.31463901
1396.95455718
1769.86406203
1326.93931804
1395.36281568
3466.0695243
1480.17172817
1478.28503622
1484.17224424
1768.58581829
1749.0698849
4442.46297694
1473.349231
1760.33750813
1744.43053216
1376.43846847
2187.18512052
2193.92238247
2230.5644209
2196.07062115
2167.18908772
2220.37776572
2212.88598776
2178.25534038
2203.69656253
2233.9724394
2194.15042085
2172.32539046
2217.82058215
2207.51372408
2171.04502013
2204.5417835
2217.49549765
2191.54245204
2194.85180992
2212.16720074
2684.91745748
2181.42397496
2976.64190473
2466.20260405
2469.13305372
1976.65077269
2015.23610479
2103.97632733
2080.26118304
2100.71079572
2064.85369157
2268.31781516
2090.39822066
1650.97680492
1617.97647067
1753.93144412
1058.64037597
1498.15789061
1556.43706914
2089.9095775
2349.82602832
2091.2650504
1571.26319362
1569.72802565
1568.51738364
1567.40825852
1567.57164394
1571.64394743
1595.3400551
1567.36628961
1314.01485132
1566.38881291
1590.47022265
1570.39052286
1574.10493215
1707.67600902
3517.44415573
1567.63532866
1467.07373413
1508.41813133
1478.73579929
1489.14357261
1616.12889755
1600.14385143
1763.77593248
1566.98657057
1321.57560753
1579.95593194
1577.65972039
1448.1317136
1746.733086
1756.95652003
1766.29877016
1767.61535774
1385.81016971
1474.21370475
1763.91716437
1759.85147466
1766.53339116
1784.13582675
1561.35875738
1756.19793455
4833.95992013
1761.45189231
2321.80714403
2194.91438731
2186.32804901
2220.0788394
2641.68657374
2597.02221298
2641.27400186
2224.24359974
2090.54713053
2607.44240859
2631.16995547
2219.75473942
2174.94427491
2643.20864414
2226.75722904
2195.52603635
2105.45871427
2221.58346211
2209.74477485
2643.54282387
2206.50685049
1538.91786183
1572.87203178
2347.74624818
2351.34093419
2343.14544747
2334.51930746
2362.15021836
2192.75036995
2197.01943078
2187.68291327
1767.67305758
1321.45568077
1317.33788743
1319.80465883
1797.07371112
1319.80576455
785.987677476
648.914735522
1324.1899484
1317.51920362
1321.95945361
661.06894585
660.329580191
661.997429664
661.485022047
657.634963225
1572.83862201
665.971476566
659.608004606
664.972287759
1329.45511807
1319.23170044
3162.82234012
3455.56246377
3176.64558738
1393.8125091
1395.81021735
3187.82211868
1390.67026931
1396.36034869
795.65281238
1394.57428256
1671.82016817
1770.06443059
1768.99147388
1392.21972778
1750.78896013
1804.70401575
1587.84474521
1569.84845262
1568.83910049
783.965321289
1550.91064206
786.361437512
1577.90129932
1561.94311076
1570.6602601
1573.77891463
1777.33968075
1738.22868781
1765.83939127
1771.07223475
1768.71668308
1783.02381529
1578.90870293
1626.78950861
1639.54402394
1641.02764154
1805.98324474
1806.9145982
1746.26153946
1771.42794916
777.730508465
787.318508463
778.917821386
795.070392372
785.422753851
769.818569486
794.217579085
762.868492142
1752.70946387
1762.33028151
1768.09410938
1775.10889751
1802.17672172
1649.92665446
1571.44513873
781.760855183
1835.62293501
1627.13723482
1913.64350841
1651.24226704
1996.00393688
1567.44723531
1527.24054163
2498.52505584
2286.47123965
1322.78445046
1773.43175806
2939.75983456
1316.3455111
1321.1041479
1322.76154922
1319.55582085
787.427652069
1978.08338725
1626.65005552
1756.17085746
1766.84677216
1839.16794157
661.656898526
1635.81177966
330.210580925
1838.85098185
1690.65838951
1980.24388461
1932.8256938
2367.29378614
2873.74300684
1573.56843776
2869.49178997
604.821106566
747.899949315
1773.14464547
1790.6999838
1000.68586109
1573.53363785
1852.20369804
1575.71878304
1583.98196427
1027.54353346
2118.62267228
2096.53788495
2079.53652501
1600.77732403
781.106516914
1715.95357374
1958.37021968
1704.45379461
1950.56730084
779.481846887
1838.95874488
784.312742566
2308.40321582
1829.68624543
1628.11818515
795.984010749
1976.05797859
1438.85022615
3453.7349985
1766.33105149
1997.19127674
651.399292588
1653.44562313
1944.97319457
1667.52656543
1520.05410923
257.30158108
1763.49693606
5009.38330464
2365.23737602
2703.76824273
3361.01457094
2963.1157931
4954.16825017
321.117387768
2305.30722432
2335.8507784
2063.51419247
4190.43787718
1747.93982469
1763.58565283
1779.0771251
1633.37787865
1660.86758615
1624.65044439
398.235404425
789.57018453
782.305996534
783.103839926
789.779393635
782.026811329
1669.20146719
1666.95380932
1672.06563457
1765.96684036
559.040739914
3681.80736546
2067.6344474
2043.92397747
673.109154062
789.157130381
1749.53872705
1718.87264348
1730.99881454
722.838581132
640.334430804
328.718526698
328.002318054
331.625182019
332.352170655
327.714080903
2348.8761512
1566.38646876
1524.52296147
1575.99738525
1558.92550701
1553.10677568
1805.04408192
2259.19112533
2185.40863509
322.220510591
1919.45283462
1620.12003412
1585.29609105
1784.58414891
1696.58609371
1975.27038384
1472.47048875
1470.56631265
1464.35594574
1468.15498442
1239.6552481
3452.53057805
1822.69263158
1764.38070965
1820.53577544
1923.61485657
1765.96506291
1674.91493118
1510.72270135
1504.16569717
1487.79305769
256.016032585
563.713175436
600.707018453
1723.5644144
1791.40623186
1786.36615955
8103.60811874
1494.51183165
1416.67220123
469.512438753
650.552131382
487.128144185
3042.50596317
3041.91516332
8426.95782369
2259.56576742
766.552191806
2255.9592303
1984.30574517
655.158482037
659.07377762
1791.69337902
1806.95960429
1787.74016536
638.825656364
802.876764897
1762.92588828
344.131476016
352.503341369
361.521924956
395.147919736
391.203362671
1396.63845952
1663.46453043
1666.55943303
1676.17962693
1663.63365416
1654.16939823
556.053419021
1669.50877392
1666.57856379
1668.7633121
1668.72886258
2792.11702098
2272.31330273
655.359387084
1850.74131376
1790.64163249
1824.31824075
2016.70383699
1837.35027132
1988.4868474
1777.00496864
1854.49939213
786.30377519
786.900167969
1560.57091476
1578.22423135
1580.06253481
793.003205504
1600.74771451
3120.87538586