468.648756183
468.627966592
469.551836928
469.025899769
469.036300915
467.915922201
790.598387413
778.11705705
2384.19837883
2384.73613429
788.987430661
2385.99120025
625.735586624
18.4674642256
21.7097258599
19.6204047766
311.991040289
394.171434433
394.550719907
310.514764365
312.320044572
312.186817321
695.591752718
702.065837675
701.588976131
793.992760742
787.717676006
789.916795853
702.413085408
702.781904791
701.183428656
392.818340742
627.600977598
394.04652173
394.536190357
626.286293359
626.13879398
625.478803105
628.535777263
625.901697275
626.119748773
393.826386587
469.214728223
468.672722639
468.242181991
469.249456959
21.3422667803
789.211145653
22.7579366028
21.1111733872
23.3462798192
330.354163533
394.491699714
526.719651999
527.354411006
525.019223544
526.428694445
1058.27378051
1059.07497671
0
330.475018942
423.064935732
789.370398876
427.928775446
788.925869147
939.443883358
940.613910009
938.187022118
22.5439606911
1115.56424859
1115.84394859
329.556096551
329.822935109
939.246263348
834.970028792
834.759000277
834.695705164
526.219849793
525.95064318
789.976621921
788.831456158
790.291576714
789.097178116
702.354296359
702.530758069
701.494088164
699.33652598
701.32298945
414.639600442
701.850906004
793.914281328
792.899358671
370.376415969
394.301331535
370.42451231
392.809906822
590.916069982
590.767269205
626.470965856
626.387071306
626.245459722
626.350180769
627.006023643
393.65203429
393.616392678
393.978612442
527.578037396
525.466143571
526.206066057
626.118958209
371.545277529
370.889422037
370.91837769
371.311245017
371.826089827
371.241290967
468.723172058
468.893229012
468.481565335
468.629951516
0
1184.10812322
1184.44253479
1062.20034911
1054.14384497
1056.28518071
938.406099619
940.164164522
936.177126108
834.725682901
793.190384089
838.652946803
834.401394074
527.506686882
525.552472694
590.803357899
590.645699738
626.11484898
626.546168019
626.61148734
628.60829871
393.158400244
625.909143512
394.053221916
394.680361704
470.827462068
312.429239752
312.08665285
624.708863416
312.6096829
626.275477504
311.769835158
394.064867954
469.706488746
468.629938972
468.75748144
469.938714222
468.683475946
794.761707634
791.392542847
789.047822573
128.943473339
788.814621498
788.579007463
313.266808014
0
21.2859183414
394.346558548
394.142639574
696.204876662
702.112211042
786.084484776
701.905557365
703.22638595
662.560262396
700.10725383
702.144647923
702.645383703
702.741822872
702.825198282
311.985941266
311.223273336
625.962771896
625.348214271
702.487124272
394.232068566
702.000607809
443.634872388
442.176840804
700.679253196
702.00770482
624.211113625
624.18054548
1182.3962324
625.915028905
700.200126163
702.191219932
789.260592677
993.942323173
526.201053103
525.954284605
557.589195246
526.409021776
526.198510863
662.374535227
663.153840473
835.491120731
837.326330568
789.915140091
1115.98727055
1116.44597413
1053.96863036
792.388331098
1055.06832425
1054.86231245
939.421663512
938.066989762
937.185670098
940.406433163
939.559499327
939.533839547
939.423378034
330.549971406
329.395905428
835.174758888
835.167643415
836.792226125
789.495600942
789.401351683
349.986211002
788.456171669
350.882937466
788.894924872
701.958450462
702.257929316
789.96182015
701.665807251
790.99732397
701.651731791
701.783665771
662.983693874
663.749201023
702.180013372
789.709024388
1408.51980877
789.533195776
791.202844836
789.12345907
788.960232673
1181.31839148
590.858264336
626.331412247
625.777132544
624.496489364
626.835725625
392.317527493
393.706377669
393.514294189
394.002162706
526.500454072
525.186042894
525.878025907
371.806146354
371.123339118
371.229669124
371.266181917
371.762336313
370.708557725
468.234942354
468.186522018
468.530440222
469.400545204
1188.61158005
1183.6997795
937.635534738
1061.61875718
1055.85358122
1056.10942446
938.692678201
940.350239972
409.129930371
835.317728262
836.340986214
788.632762802
835.047151334
838.381103956
526.22350706
1184.14638163
1182.76134037
626.202564735
625.312611558
623.590251061
624.461373736
626.809809659
626.14428693
389.597558346
395.08174936
394.109266164
310.808512147
312.193113615
311.994955474
626.724119429
1183.86217824
1182.54933032
590.453711582
393.388510087
393.727081749
622.500128255
626.440706842
626.534198659
702.170748012
702.119566481
700.992707762
590.369512703
701.612114598
700.01902163
702.121827333
702.530734862
789.210066489
701.09148187
701.160056837
701.085754761