610.357015853
715.065375398
1348.87958042
1382.27835551
1555.37831984
1580.0528489
1575.39677631
791.567324236
1835.88145931
1832.63425794
1339.31263875
1362.01319215
1567.16063547
1567.66934526
1575.50408999
1569.53444029
1572.77655987
782.85429525
1315.74031754
1295.01662754
1587.37140044
1577.01728229
1577.46541936
1566.14903363
1575.41990061
1762.43794434
1177.91900636
1760.65356118
1763.76809445
1172.08100969
796.603085534
1574.99793603
346.032679934
1597.47580525
1601.28827735
357.061763017
1589.33570333
1562.98113982
1590.16459039
658.767468184
2330.87712983
1555.1302396
1574.28933455
1436.08768934
1473.5628316
1351.89993127
1324.067902
1548.55104339
1592.59959124
1560.25205266
1544.36958472
1577.76419104
1468.04679915
1551.47140294
1589.08981287
522.773979386
1576.52412429
1827.02262826
1573.82551029
1577.75781109
1571.22463901
1573.94955337
1839.62935701
1828.92845989
1578.10563764
1832.88673041
1576.49675544
1603.88705899
1566.1665028
2332.65966158
1586.762534
1586.82979133
2346.31086606
2347.28839305
1834.73818237
1591.40812578
1567.07872624
1763.95373424
1759.8133455
1532.22846026
1665.15404914
1645.95432973
1640.98657183
1648.64272159
1691.10473359
1581.11481554
1750.4377152
1583.13420014
1666.77567936
1641.77348359
1537.33792864
1571.49502497
1525.38988839
1941.32309317
1536.92436143
1616.25066286
1660.19782345
1721.73476891
1466.32099289
1476.80767526
1579.8275141
1323.69793497
1324.86195656
1645.70290436
1650.65945739
1936.42892133
1467.39264394
1476.28575346
1357.84433811
1928.42570808
2474.5723782
2095.33402958
2386.66546805
2610.97117899
2351.84235873
2868.56589898
2876.3565331
2452.10474007
1706.21715483
1638.90950513
2299.04198383
1646.37919148
658.228247576
659.761629642
660.114172096
660.58025393
660.386287229
1652.32989327
793.213801203
1627.81979594
1353.98285014
1707.50481442
789.648120673
664.004202275
5207.9688064
1567.65224869
789.904939623
784.66069829
1574.4110567
1501.05199824
1339.50917559
1327.50211685
1644.35519202
1047.82980464
3578.55078314
5130.03538084
1583.38640231
622.155447808
547.919634891
1523.74991849
1637.56701225
1362.3458171
1494.14575451
1480.89424144
1595.45175028
1644.59863422
1655.41824834
1652.64468042
1658.81386892
1649.52809914
1421.65193707
1473.02048106
1049.68909068
1397.31645375
1395.69070612
1045.57521861
1393.97032378
1392.3378115
878.522782103
1392.79775079
1508.0032689
1544.3404716
2441.51678011
292.713712693
697.85241211
692.706295581
5147.9063965
291.986404698
294.40629825
293.359071141
294.949726722
288.213777769
297.953592568
294.365220676
350.693106141
350.024157598
5140.74719419
1528.44945459
291.336925114
622.425065558
295.290178499
1503.3092755
1670.22015629
1679.01544295
1481.45408168
1455.49145663
1758.3584699
1720.69016408
1733.09358991
1561.32855748
1570.77171132
1605.05978242
1645.66325516
784.394326577
785.563334907
1650.66124739
1652.14688747
1667.15651262
1654.66829241
789.012393521
661.506154251
1654.1311081
1502.64957701
1358.4302829
1655.55735201
1726.32644749
787.795922447
5277.51518663
1521.29853044
780.205181266
655.585298631
657.466250262
1498.87452249
1269.88083757
322.053092032
218.152691965
327.528146331
5242.68336743
5150.22746723
1517.15926993
657.492146795
548.429142476
658.02049079
1732.63381458
1352.93926876
1639.58168189
1502.2886349
218.490385877
660.034764281
649.089673793
1107.55718789
1098.05417573
109.02157615
1622.08852336
1646.35874297
1644.15500871
2303.04438864
1644.11974235
1642.98666966
657.820305097
985.904810771
1641.41003061
656.902513373
654.484647957
1726.30224662
1318.30883602
657.322093235
659.0206925
659.534042876
3624.9995014
660.491008461
1549.87052985
1631.08707718
1379.37491637
1402.34649266
1472.67689492
1404.41517801
1735.93656492
1361.7457619
1473.99401442
1048.9849201
586.649206736
295.964448966
1045.31649108
1519.50578202
1632.7022056
1462.86486206
1477.62559762
1472.19502991
348.799309153
658.212807874
659.394721495
662.332741163
1578.40288225
2333.45548907
1648.19978847
1639.6546113
983.900282839
1645.77252215
658.427501506
659.546869516
660.65457379
1656.55270802
990.391889293
1654.94157265
1508.7784906
1363.80360992
2442.95442933
1491.82148351
660.384318539
659.725910053
5149.60684822
785.706453501
529.200434386
778.692651862
779.059761674
1121.78431518
108.469040759
110.347036809
211.528990811
107.778211208
3375.38457404
1524.64204395
327.968536197
617.919286494
553.699818053
1499.99913706
1366.20824685
1366.33784222
1485.14236466
118.489384339
5223.98146015
1646.66092754
1657.4285121
1648.42595427
1659.57511813
1654.85947798
1404.15147236
1049.38688588
1048.74011234
1395.65707297
1046.43832523
1045.87871425
1394.13604998
1395.2495053
1393.72218636
1393.06866305
1500.01590036
1358.95055963
1613.91995944
1472.31943193
1393.41078675
1509.01229226
1525.03887778
688.595575652
691.676045976
700.460568954
1469.10335849
291.374070101
109.05514516
109.612199803
347.523658349
351.230478702
2710.98667156
1517.69801098
293.475530012
544.033541335
297.967815347
1727.47731203
1353.21454911
1639.66905656
1734.36006091
1504.78561722
1746.05466909
1045.26982149
1044.49527406
1544.17668164
2339.50676763
1496.9753542
1646.08972137
659.138995159
659.913979498
1651.91075219
1654.6264489
1656.1964184
1655.14882462
660.549054819
661.869826594
1657.62523527
1630.41711978
1355.36752859
1649.95287145
788.748815172
788.765836296
1525.65200389
783.316294559
985.262372889
657.731329165
656.397032081
1499.92482821
1251.16323176
279.006336723
321.397251333
330.607872481
3570.68007348
1531.28757595
660.222516311
609.397226398
658.667096978
1517.79889822
1611.47605526
1360.1549667
1494.90619158
1499.21206361
629.433407176
660.448834056
651.29207644
1106.47429552
1097.88255443
1550.92892133
1651.00819514
1647.09118589
1646.64925493
987.18071734
1644.226616
658.675625272
1641.86843742
984.620090662
1641.0489888
656.554815916
1509.16785571
1543.51949772
1365.9626459
658.745793445
660.370472911
658.461997869
649.071942422
660.812550209
1106.40540291
1661.17846235
1405.62195616
1400.78788051
1476.86276251
1402.57971454
1455.04947206
1397.16594049
1048.2168926
1048.25849377
1394.37110471
1045.88823884
695.17779473
1426.94589163
1370.77743201
1462.10847988
1477.20748807
349.246571529
651.629706409
656.361664505
1517.72297225
2418.85069381
1570.51445772
1602.28728643
539.506389038
640.788818075
2339.59385352
653.811560474
658.864551118
659.107812668
658.498954616
1739.07515707
1820.5823509
1661.98518143
1636.33590142
1659.17765046
1650.022498
1637.13583245
1752.21721422
1578.12657279
1571.51852929
1551.96205511
1554.57981575
1471.89251178
1393.51284004
1391.00070951
1390.82885936
1564.03924423
1655.06669268
1623.18741047
659.834016414
1660.57162027
363.459451167
2458.45820654
2921.56235681
1729.62561574
1354.05084219
582.946092838
8586.10412373
1775.84124908
5129.08495447
649.711652992
1645.0901867
1650.6454521
1655.23236367
1653.20826203
1401.21213499
1049.93485062
1048.68047681
1047.22618032
1045.94421634
1045.53014462
1393.19319903
666.549124165
1391.80696078
1395.31594077
1629.93092707
1354.83781144
1390.65964295
290.352929976
1392.49165303
3633.86328512
694.087794622
295.360825228
292.383654287
294.184378794
1493.93595427
297.880955025
293.554610688
345.460479206
350.068909987
3397.64923877
1532.57012392
293.251900901
612.145585293
291.29573209
1524.14542454
1621.44317186
1356.66536344
1499.09365334
1442.02127505
218.46325699
1738.52860683
1392.85522648
1550.63847544
1588.16273446
2334.40096541
530.543755816
1532.61629979
1303.31612341
1324.99305345
1649.89718241
1821.67278828
1655.38698786
659.421457393
662.743368348
1624.42814203
1318.58559011
1648.30268792
1358.89829064
1482.88255122
1561.94412254
1563.36529184
1572.68632783
1162.35963805
1154.5487003
709.278785326
777.677078634
1421.91490504
1394.90001392
1391.34661261
1625.70181619
657.762251245
3372.57671722
1388.11396796
1391.4234754
616.194159829
589.754679871
1500.72443993
1360.72273419
2651.17670963
586.944176118
583.513899197
543.196995235
1837.02341919
1831.55780891
1833.16845174
522.605415189
523.593303579
1649.67013086
1644.16852887
2303.22086948
1648.23274395
1644.41587262
656.776015431
1643.66682762
1645.73852857
656.728744701
656.764128867
1503.36419834
1359.27155932
1366.81519371
657.662815443
659.210498786
5279.85482292
660.190565041
1546.7397281
1377.25270983
1658.20954046
1632.18518563
1401.84317757
1470.48030769
1457.30166982
1356.52024815
1472.52605087
1048.75387091
1400.15224845
1046.30509496
1046.62637379
1395.77091996
1506.68473192
1455.96953457
1458.26322348
1462.72194625
348.204769932
654.173769419
658.009933582
1555.27205382
1550.55734672
2341.02812979
1588.62375531
1323.89401769
1326.289966
1660.30017273
1894.9351985
2053.85978168
1457.09039744
1442.39723479
1364.67022043
1221.65860993
1324.99740564
1325.58853033
1316.3388799
1356.23090295
3116.82515287
1960.41257488
1554.38853152
1552.66235557
1550.71022593
2843.44696341
1722.02001086
1387.57555989
1393.69925281
1359.86923544
1643.59699478
1979.76643324
1972.74561224
5144.33615486
1375.86112585
1461.29685469
1740.72052951
1755.19195091
1477.56218773
1469.12784987
1470.66134446
1461.49203986
1455.03889201
1546.91170943
1655.74537316
1633.16234215
1654.22765609
1653.38146341
1653.72658947
1326.19693626
1050.18792509
1045.87370726
1047.45611146
1046.33756613
1046.82331536
1393.05325737
1045.3612509
1392.42761602
1507.82269131
1640.20034113
1734.48620896
1644.53532103
1653.84202961
1655.22517292
2709.43852078
700.335518763
292.499560744
1651.31311174
294.118283881
1653.86712786
1653.11931193
1653.9900882
347.531165328
351.298736766
3389.22610809
1651.1235842
1633.12866354
628.442560041
1652.72395093
1507.42489094
1364.73627545
2439.09245346
1725.20180488
1654.69695804
1788.0787401
1839.21052703
1045.31788575
1302.31167468
1574.89413105
1825.68863268
1558.21151156
1571.54793086
1623.14530774
1476.31115138
1461.1540811
1650.53186466
1655.58104781
1287.09927635
655.433769947
1360.28455133
1313.69411184
1456.26597086
1473.18378456
1378.97777955
1291.82397862
1305.7334695
1334.71251911
1563.25213338
1558.5846071
1564.09623982
1319.5983539
561.867063476
593.621321552
1470.17720924
1545.39275177
656.790411894
5154.20279518
1465.18135556
1485.99516305
595.378344284
606.228597458
1735.70709863
1750.25133934
1470.24977101
1468.61788529
1465.23754959
1447.22602663
1555.86469637
1828.61195584
1568.87473147
1569.46816253
1570.00168981
1560.46009638
995.907761567
2301.73711497
1646.31757114
1644.39191829
657.060400775
985.986876824
1642.07613467
656.937121396
656.571602588
1632.83931468
1308.10932175
1648.77948057
659.353799782
660.135420898
5141.10150813
659.9105585
661.995425532
1353.14467196
1615.93842249
1402.54367532
1400.73001592
2104.10101091
1737.02063016
1366.37539182
1472.62169867
1048.89685528
1048.2606844
1046.4751779
1046.23869798
1391.86471878
1633.27912042
1465.47331561
1827.53660412
1440.6666104
1803.82615207
1346.63846729
1312.85836578
1824.58475264
1602.91670313
1613.48721732
1584.0063438
1591.58636463
1321.32476984
1322.60476618
1579.48413478
1585.84686148
1594.97538315
1557.7236483
1053.10056869
1583.32359483
1954.46780296
1952.78145626
1940.25837826
1701.27094885
1643.5842067
1641.29057456
1647.43017483
3295.43503452
1642.50703022
1642.18639351
2287.60474656
2508.82161631
2333.76577121
1639.73287838
1477.1229322
1466.91405123
1171.72068526
1169.10609872
1176.14831563
598.110281583
1593.9055617
1494.24265297
1322.40438123
644.171850936
588.742995106
584.150119494
585.073974893
588.399037882
592.411495377
624.89075763
1320.95399615
640.215579805
584.341220201
1465.74565501
1464.72987981
293.010583424
295.606436016
292.247461366
1043.99925269
600.956885789
582.147630793
348.742339252
1505.67638025
1366.11840691
1588.90273448
292.793532845
294.757415788
605.916976475
291.229365302
293.004428853
292.423364932
294.850302852
1469.91987033
306.33377564
290.83994221
299.466515595
3248.33573377
1585.50540471
362.394013605
1818.85288856
295.634192376
605.543364948
528.395046554
1407.15988183
1993.57573774
1838.84301551