349.420914589
347.159379652
789.538059244
784.939836729
786.763498628
788.216678566
349.319564755
586.999941759
347.582260347
349.879022538
588.710087925
571.206154224
525.929557209
528.45018617
445.797518763
523.493995935
525.530984681
525.281694516
587.385778581
527.176624488
783.54575638
657.344512124
785.58214651
787.146487496
527.786609341
349.681240709
349.296584936
350.290738967
348.585873766
521.91009048
106.320914024
785.963398549
167.689405576
102.976112514
163.671924755
105.719147933
107.12932799
150.467303247
106.836905629
92.8459601127
107.496485326
349.079091565
350.56605049
92.2975878167
349.590985246
170.051703932
103.51605419
349.301997881
105.100936515
109.062098844
348.803389525
107.347627891
787.892623467
107.499662841
102.754393609
348.287077205
105.96807746
106.260510895
173.613223003
103.480636305
669.189163896
105.844341784
439.22762129
980.605127082
107.383942446
667.234317466
108.086843909
349.159176245
349.653055944
105.691319351
348.666672077
145.458402511
103.743529596
661.460162227
105.94761553
106.168146647
163.707872166
107.200296674
108.970133061
105.036706676
103.445717439
663.682030317
105.603160404
349.164564114
348.932263936
348.692549597
349.3696401
106.823226065
350.525680799
171.203623846
107.185097983
93.8439894805
110.496812541
786.213938808
788.259106673
105.219349585
784.809512102
174.954028304
104.749913017
348.416377547
106.446022864
104.292943509
129.056763872
106.63260266
783.335312393
108.472199491
102.826506664
664.291882932
349.112027065
347.496051609
349.184377538
348.974938586
441.299952366
107.236655086
784.846264029
619.790716574
91.2554230111
787.570254276
697.987867095
102.966114407
657.211790195
105.027514501
111.869432775
657.583725735
106.04807855
350.087106146
106.887661245
350.405514755
349.773509658
106.366329806
350.702198311
170.910045549
103.159167079
348.601435164
105.563342675
661.08133566
661.159431697
106.255354064
390.6907723
107.466589501
666.564662054
171.408398539
91.8961517037
667.596292086
523.331874724
103.469976867
656.623936977
105.111871856
663.873192066
442.818042475
349.851472969
293.808434157
107.262633446
348.301765668
445.156306091
105.808795469
291.607574951
665.913425908
389.84571195
389.221045636
105.481680284
167.558688465
108.720486978
106.08983231
93.6483060791
107.098560769
586.708084933
350.886987427
93.1446141187
349.123052538
348.575692606
103.789437155
348.936653241
105.079809081
109.594963368
347.56716387
107.612845466
787.311284228
107.689562464
102.743696486
348.351837612
105.377006291
304.288296938
594.248968222
587.541563378
782.422552397
106.213383595
439.179945069
980.695591569
107.462985739
93.0577174835
107.635033911
349.353120515
349.179688758
105.153231681
348.266862772
145.203371003
103.818102014
163.571090709
106.148649712
350.010418993
330.116353876
107.436579481
587.101548904
109.314630639
585.230199982
588.577186165
103.951637757
347.532993971
348.619312304
104.387240761
348.32714191
106.502058238
348.798196367
348.25907061
91.3682926862
96.0777878308
111.298991902
102.803022421
173.57154607
102.59229896
349.543818589
328.970959784
105.653225647
587.548492703
106.607346888
294.453874543
295.697892786
91.6524104116
343.408623328
108.223217257
102.884590489
441.469905072
104.872502133
346.039024994
349.54060506
106.299134333
349.15099549
106.549507731
660.425070399
782.905637721
92.0162157194
329.654014558
167.379224518
103.643807203
108.525282985
105.243139101
112.817008981
392.012563153
293.544800779
349.172895048
106.860463946
348.312756331
293.672667378
92.7021298959
292.483655549
349.453753659
786.535199936
346.653018595
106.563535992
658.341447863
348.792270296
791.182629755
347.422275698
162.58235123
188.282523304
666.07710683
665.316083957
295.435218773
586.777992423
588.952355887
656.822521392
583.49962953
113.773175623
163.552604747
587.298142954
592.150563048
593.897071881
348.057591115
588.134684482
106.198918463
328.157674921
345.554132298
103.655169107
522.511488912
107.433412245
521.752719732
523.156790683
150.013314331
586.157680598
105.924524211
586.731343045
694.462583813
106.685677997
523.684576856
522.053052896
103.368189393
50.3314778852
106.767396306
587.632484236
349.614422552
659.377080251
657.710083403
156.43377938
103.567618153
129.877616385
104.681059377
783.4357446
129.980112767
2342.69520583
293.699975524
107.663536366
1649.09294649
644.23310231
200.06563887
440.463293535
171.835997821
992.264550327
349.839818571
104.422660189
524.66745293
240.802691536
1188.62633631
328.127074353
108.301636585
33.5325594602
525.56847342
200.063388824
109.72593188
104.948813292
875.614069142
994.103829686
109.302287788
349.672172665
711.028744002
525.564728135
521.609252659
108.957333301
351.149007609
204.866085687
200.781879446
103.590732417
173.267115836
989.875923946
440.129281375
107.52672109
524.128302396
433.657186284
524.691683066
525.86627644
108.889538592
292.432187775
129.485167375
200.175956107
987.664415155
171.827230205
33.204744752
440.61243709
882.076425784
439.671316249
335.323581333
349.235286901
441.365143666
110.142464574
429.659936448
222.943607331
406.730990889
388.495743829
160.784141829
493.381347521
163.727589352
106.759251073
435.21212613
199.351056996
200.298584109
887.889575695
175.766392407
1188.43117864
178.252484489
199.889329454
404.036437583
200.439886557
878.233170724
173.118105751
108.664320323
174.35735672
174.012734449
199.384578954
129.650294555
157.793570485
437.67297215
438.146782365
104.042576109
174.401646469
349.202533554
198.115284968
528.95771995
107.363734005
226.728183203
130.05082636
442.337838105
444.181165754
164.970870187
167.488909482
146.489745493
201.074770449
431.184309805
381.180078003
404.724141918
383.01897996
107.7639138
438.311094114
109.192003174
200.718339625
454.941566368
201.482359397
198.290162971
1200.86244566
106.109992889
178.142268392
171.260200566
887.256183658
172.910306407
107.981756781
297.75737412
172.873891907
200.317990911
173.911457349
170.58798912
49.8694129176
300.826828124
107.106167076
50.1514631173
50.6391660079
51.0824059715
214.981413454
50.7035102865
50.4489234954
439.422918258
51.1038175346
385.971562887
440.436435758
439.837378647
145.550341053
589.981050764
588.129776974
149.960018121
199.537468058
108.926676867
112.132738788
50.8699616925
49.4340774665
199.965954322
48.9067266628
153.052972159
51.0644160238
49.349299814
105.761495879
351.998129497
346.996394951
351.345236143
173.181842639
110.71037035
347.857689636
173.263856716
344.993671032
103.776560575
174.232799488
349.736195014
438.293486417
107.40128285
218.337005065
129.540009508
199.853699581
129.103123668
107.484027138
62.018689048
129.700431018
199.952544954
585.748730909
526.274871017
878.339890654
524.319785366
108.083079414
588.061732482
328.107005688
200.290081465
444.908690836
441.23353172
521.8424146
109.222531474
103.279979714
221.368539044
156.638734754
198.233111314
109.302143026
104.672627265
110.672155289
200.502988569
199.674417366
347.96077852
346.038781399
351.507117667
349.113690096
104.24728228
354.278008026
348.665854664
332.369345558
173.136373441
108.509093572
888.847759206
989.072655134
200.016153746
222.833781846
172.305219089
197.586642642
175.097032085
104.738526306
884.789045923
883.032396473
884.599100178
649.473034546
107.641576193
987.318498829
1230.70300353
199.477114802
43.8935219663
161.699393448
523.359561475
145.862602389
200.729962174
327.038190164
399.249148934
350.390604113
329.864835453
108.369571318
294.5468196
204.75021218
200.476689618
105.099792083
316.155597049
349.101711006
292.784899596
107.853477977
293.489305001
348.610802538
199.375664359
350.468718671
109.218877843
716.515363424
1304.01123594
200.477199966
655.111745942
329.681484631
347.811703244
329.854691188
107.490411937
293.650484694
201.677761878
199.720138646
294.232215016
109.166850409
294.970349843
328.419979182
200.112110935
443.60710213
172.119683743
351.149249913
526.987042266
108.15881262
527.704387915
490.018086952
991.564324678
326.923808342
158.804401774
330.540856168
330.765443454
198.840946153
202.837270184
108.946080183
521.090095994
355.863641228
592.590123825
348.358486461
348.661774877
349.605742295
173.313273002
203.734510309
172.978485834
205.719573719
200.21321175
348.449502249
174.562437515
824.471720499
824.664887488
201.886801739
525.267581966
439.34032704
199.832133705
172.610225044
173.624387019
292.980166494
294.106521244
588.102307864
438.533956075
873.879700421
293.980570808
162.393823247
202.809574234
589.441635274
1180.05111186
1177.31563535
714.801900068
161.224297216
328.160787774
440.829251769
105.076273476
163.422868879
227.087440877
1311.84601555
525.325645726
108.357590229
586.625139517
63.8677507376
199.938041196
350.340045334
167.060227019
525.832861126
520.749218869
200.706908269
353.500386376
201.239176216
586.978963113
348.404377185
109.582772199
990.876769272
877.317119109
200.319440888
523.784234342
172.44782195
523.744093842
527.671349653
107.139033105
292.96471715
129.361738366
988.96322497
986.884040351
108.274100362
525.459354822
442.204822916
888.804805551
646.899560868
165.418866597
347.966225085
439.129499619
108.379039106
329.02010529
344.811619502
199.472706424
523.688535373
109.476995585
522.286053308
108.745938152
200.533386378
104.733234518
166.649218553
1048.16997767
878.15088422
106.730277349
525.291048078
523.074276787
199.855283009
524.927223648
202.814464656
587.55933257
349.719975748
199.981174698
991.06729524
881.145184156
197.461695753
527.543076889
107.896012538
522.966764695
203.066130237
200.109155137
294.096136973
109.130516834
990.226516964
643.91631226
200.233632582
528.629816469
155.084552396
438.628547416
343.514711476
203.139532268
349.10778735
351.028603038
404.907746398
224.735233315
379.592034264
405.378835673
162.18092731
199.722526886
381.243969753
201.015727728
247.078553384
712.592152423
108.407525914
527.236657498
402.264246449
1000.08618617
419.774658816
171.182853564
885.639754202
174.76448057
878.063565731
173.2333512
175.409363316
403.462709166
174.241005915
107.762763639
876.588704248
129.142174981
200.227136416
216.240710163
202.17925063
174.682701948
348.420660444
106.796015815
529.203328212
128.938837023
199.551565658
303.609779164
108.325361528
434.30258873
717.54755856
32.949327375
438.936498938
161.553683951
404.452670593
223.665526427
104.272982052
246.349408179
247.029698126
493.472194505
109.013768594
103.25498049
246.416524634
199.531360495
199.304911596
1168.33404811
172.231822269
1169.88723454
173.80289314
106.893481983
403.922768186
173.362950523
875.520847424
173.326372713
110.096956518
433.73787784
174.52721205
201.020491635
219.868798311
215.245553489
437.804542124
438.348437219
105.927848039
173.899779019
348.73615595
987.503680809
987.297831163
109.068633392
58.6855556107
162.466210778
443.326045432
435.992983759
478.575180601
481.283061313
438.077471144
152.222767972
489.811004048
45.3909410856
173.448538147
173.797872062
35.7889867548
172.931596087
173.917856013
173.465515802
173.51000231
433.579139959
147.334112491
147.369342067
526.151450087
527.627234431
526.763908262
528.407459719
242.440374502
523.157842977
879.039727639
523.298029209
492.976399325
879.694008022
492.906582948
585.365490143
33.2298411465
767.874528179
881.063885225
430.504227952
879.78249851
594.5719003
644.517994793
590.994712941
655.043809455
588.150062174
198.827842953
394.278349133
146.832009469
394.626872773
230.346651028
230.237533107
587.578687284
349.613323012
330.971886868
329.310118691
440.431460003
173.761915045
437.500631675
172.211583321
173.89746935
173.952543847
434.516639333
441.970570501
440.467920358
440.350236969
440.062267421
523.322788267
520.941156386
20.7500123534
523.868491967
440.251438678
439.936439249
440.979885084
392.696342262
493.427708275
520.100633176
293.644900894
493.792440138
526.725433726
785.626905946
438.488024525
393.68669608
439.95416419
395.573726257
393.81720104
590.056005855
493.676509128
494.655958785
438.677043878
440.255102197
440.114243489
350.478668623
349.484336545
348.74424668
439.163444794
438.079647386
354.17023024
330.620297804
327.636172365
330.548070749
173.52455189
173.700845027
585.101484317
328.425198953
588.159220676
587.272709429
98.4041561648
98.5775023123
526.857723082
349.287016663
528.104648169
221.73020877
441.49528525
439.206261347
355.455494995
493.528768487
493.700761836
494.508080153
331.944800659
326.330090245
494.345902358
587.531764309
315.922923207
294.442612839
441.878832865
589.300989452
350.467246425
352.321830365
493.494504008
494.282519271
440.936617107
524.863134308
224.392633205
524.405612263
522.178983509
350.265837965
329.795775878
722.487365261
351.298895273
329.557190565
352.102631942
321.964973671
173.901634419
527.337237334
173.268866437
175.803974353
440.062593029
439.946710609
353.876644466
97.1702797844
527.481143773
60.0899790084
528.444517776
528.383775574
524.406637655
525.936414705
439.665057808
786.433713617
110.084071606
527.30319671
221.421510272
221.829539905
218.189985058
203.203034345
639.603895383
437.581810896
1170.81900895
109.368467385
110.277891409
586.379799289
495.150799274
344.706123455
587.558070019
84.8481924093
155.679344661
2372.56267413
2374.09054671
1189.48470084
328.958882149
339.972685258
37.9423946531
523.993926867
1305.41425821
522.345685985
37.3095134557
875.284463257
992.359571363
108.541184277
349.569759701
713.750908998
200.261994214
524.132027717
167.737044079
523.580950849
527.044980144
104.821374578
587.873861899
172.162176517
199.389673843
440.914733561
108.452046692
35.0447900236
527.223118029
525.074030358
523.511455475
200.326284387
292.873682879
293.780033707
107.284025396
989.177825549
643.722793253
199.348976281
440.465372609
156.653151795
992.444192326
348.774350842
33.0737321722
34.1465921572
32.7498575753
33.3764432106
990.220509178
106.085660123
33.3937510942
32.7586522918
33.9452490154
109.229633618
103.802814421
32.1880097435
32.265418234
199.961418831
349.479405775
31.7665550917
525.413587292
522.056146694
107.474395414
352.468821678
203.546257964
587.283509406
349.527439092
157.291357491
990.369637164
441.383513784
200.277148858
522.704487167
172.503922847
524.647951276
525.778288796
107.60774665
292.54782992
129.495412349
199.902505586
988.886053386
158.275531649
524.48133433
441.316045285
884.03720279
647.563776703
881.086146421
349.395541121
441.579861107
202.359796083
431.54081647
163.732725723
405.531675745
386.987777829
159.575403267
493.483038101
246.29188934
103.015486906
453.05309146
201.185116759
199.035973622
1165.30174589
107.600349782
1189.40373153
177.491577896
200.074649723
403.694114326
200.648960438
880.070536924
173.283100248
200.840650668
174.142589505
173.384286232
403.51275565
129.524437562
108.279206609
437.44838642
437.804256017
200.44121627
174.533690233
178.164564051
58.8236908895
528.784374858
104.473229313
223.845817991
130.155004816
441.959403826
678.945426602
108.704476223
587.745986962
146.733455038
200.476981819
223.832697765
381.547660636
404.807652623
162.266254828
104.434773146
437.877775716
109.327391546
58.8628960984
455.323439035
109.599439485
61.2643801406
410.238077323
1000.75797516
175.515742506
168.615532163
885.877457159
173.025581864
105.724097828
175.257234972
172.793092554
199.948248292
174.028118047
107.57103898
878.033587551
128.676470795
199.877287493
526.11804023
200.118289018
175.093662185
348.783539095
349.338328582
989.711753576
304.153541905
37.0804996233
441.238247595
109.914621595
433.838890665
681.03405048
877.974511511
438.466269742
156.495915501
198.193140121
47.7314394357
43.022791314
55.2729778174
55.4539441331
33.1183589703
53.808361043
59.5572899364
39.3880475206
44.7224087641
39.0736298545
37.8617990035
38.7607957954
39.6233259308
41.4089510256
42.1594976074