434.913457454
58.5837904115
61.0986110582
1265.94889334
646.275017189
1264.98069803
430.182553962
1251.5566025
1046.58379869
57.5184140435
432.337189266
827.400821179
1345.80955832
431.307655442
1278.20422888
1280.40633138
829.391624432
822.268319424
818.033682885
446.223233544
432.482193247
824.063719951
1331.99464775
1329.30688884
1300.46099957
1250.08690281
199.341634827
158.983439508
249.538502488
205.916330273
198.899697494
205.850164559
253.411672945
205.631985712
107.521213467
722.00482489
199.631384693
86.6225413741
490.281479322
206.179953144
209.31979351
208.161703969
504.740876991
205.869192216
223.503415216
764.095821609
62.7033043791
106.042907957
96.4307400046
758.517913257
40.3850084589
41.0215628383
209.554209246
207.661833672
42.0995155015
49.017096101
53.5331366983
55.8935073746
56.3615310205
57.3495946408
57.1802048325
493.447062997
207.582274713
292.146678533
209.800542561
105.85565175
429.952168599
488.083742492
469.204560756
490.21637209
204.561291571
424.143743901
204.712942799
250.156293645
204.749788475
526.482432334
468.938715599
246.056426679
59.295903566
266.058713042
208.064072853
62.306475065
455.338057175
61.0782276741
207.013531613
59.5155197546
811.641952448
60.4480847403
60.2074141059
59.4170534126
59.1909194083
60.0805720721
59.7724710585
57.7418110029
57.7337521266
57.2882962983
57.5371432333
56.5872612984
56.2182793696
57.073157617
56.8771870443
205.841460903
446.394631939
206.668917933
54.3048033837
209.732428428
296.939072187
220.874725525
199.866706488
159.615696778
86.0032366982
55.8803567015
432.285180191
491.020404274
432.327508707
499.278507928
431.928010963
432.624968471
487.371788098
431.69578305
489.181828572
491.217288527
432.583159728
431.771082713
431.710562548
721.31719483
433.678594848
555.470990149
246.545038353
432.611955467
380.230759603
199.868945344
524.156093752
435.284175225
431.756179176
431.449077538
431.958350332
432.781401563
555.4491534
478.366975197
14.7872040103
238.246745879
429.869985958
432.532070002
487.784986193
619.998175365
429.317328214
430.109930154
878.218792557
875.905191466
500.339438247
622.381063746
827.730307844
432.676401695
748.166381556
432.294498552
497.627113426
432.336619603
655.856379794
486.102025649
431.65953389
735.66788528
489.635226494
622.150967912
625.741582971
431.651874045
491.880408789
249.445851591
621.63341657
246.042149754
441.176849698
720.335379345
48.5967679843
727.416367006
472.675018785
481.592476403
759.42643859
724.24008361
479.27454546
653.475385246
475.292288957
651.260215048
732.114540807
433.751777419
484.823621769
486.542172391
467.750894911
442.024076426
681.919620129
454.970581767
481.42469799
466.64555703
248.795740394
206.700693687
308.780451854
206.254903521
61.4274402867
308.754301745
311.130286353
643.102805348
209.888964041
205.919516454
716.257252267
721.838936781
309.302776031
309.783563985
104.539146824
207.89473712
309.216435449
620.376318927
718.607284513
101.97948
245.974280506
718.276866756
199.447330165
309.135756343
311.547122903
309.505341371
308.63605645
103.918407357
206.435070112
644.91823052
206.500406416
720.280986742
206.10391485
309.556390084
309.374831717
308.609026967
308.644051741
105.725494584
880.899197204
876.182479399
236.63312902
621.882371932
208.486042137
309.536511764
206.604825812
61.740597316
206.907549606
310.828694987
641.71110196
210.356852469
1728.73927244
715.701822201
683.268367824
308.863507921
309.51977701
105.133190809
307.754746017
309.135365902
645.949201261
234.73699985
102.455913046
240.463715691
1046.29827298
210.481474963
308.773840636
311.125365894
309.491624195
308.761006787
1279.34056263
205.881580922
137.560135414
206.495186051
720.547644856
86.6307042714
742.852916438
1063.70155752
1330.79206111
653.969978027
1299.85040138
1255.22091644
832.391477728
1112.69204622
521.696520781
209.079633835
63.0463017068
207.030836857
104.006672047
206.300448389
287.759671068
87.4157563921
200.739302109
105.455620221
297.611635835
206.055657609
199.448878321
207.644926961
105.920480755
208.460203692
283.886763243
200.644105442
283.721245258
106.629591905
494.583733179
495.334791652
210.687815696
430.110233249
211.869583438
62.1487088605
210.151751863
104.592900531
558.783152953
61.6256903874
63.304673848
558.192141151
207.548836155
61.5991330908
207.581144905
815.681066627
208.360358289
106.315194271
433.684113373
62.2751947059
1336.68205054
175.900094554
205.951460518
431.579219031
205.87447217
87.0334824627
205.552958054
201.288749901
432.286208017
1312.93908149
829.011921051
87.8296271394
83.4224776175
435.501531553
491.138539651
105.38412075
208.449992001
4970.68483541
1305.73996054
430.044445974
106.452023966
495.572537365
85.2132720677
209.947410533
62.7431541624
210.439586178
816.924745835
209.410455825
831.398867564
180.226504863
269.671547883
268.45026594
85.5813721304
208.007474861
431.104072905
205.604716353
828.745541037
208.38017225
106.559810743
69.4060320436
238.867549555
819.409024135
492.725400581
116.22259151
432.499233191
431.480981644
432.227540515
496.767159726
432.378594495
432.675966658
485.927670682
428.60030435
489.562825037
489.757554532
431.848202248
431.442787198
431.946805385
722.050335029
247.605664606
432.707180418
245.842882699
440.294432237
380.37813342
200.100138213
430.537060655
433.447538206
432.806981626
432.430356406
432.529391929
432.833266304
431.720124382
479.360478114
434.588349326
462.86231329
430.114034359
432.492304913
488.250046367
455.955501542
428.818359695
432.407654211
877.502172295
876.463715626
232.126233984
622.712388754
826.759752584
432.066459539
746.483240311
432.371889967
497.014697981
432.594224181
642.061968297
484.261914962
429.982670623
735.934378215
223.767168761
431.04086764
431.669393762
430.986162714
722.54366984
248.322234195
625.684918072
245.975519132
433.211147765
722.151845031
721.257799515
432.378825509
469.380537556
743.652718825
488.840732993
723.780091921
493.214321511
655.259270313
482.990747786
648.363241169
733.530418428
432.380777889
489.836275605
240.148500861
459.811339977
440.823520671
474.768767777
456.11608203
485.764469314
466.559418337
492.396386641
206.660842022
308.753701938
206.559778007
62.4384606228
308.778214209
310.178094982
683.924508329
210.616895941
105.343740596
713.297023354
720.025365647
619.719689132
309.647127833
312.555858442
308.707137109
308.903469121
128.326820819
721.915065515
99.2331903753
246.318185919
716.328843745
203.339473644
309.537839313
310.734492879
309.127233773
308.443122512
105.297229501
207.843052805
646.467260803
207.165407848
722.955630427
205.77618918
309.431297912
205.575924603
307.051704258
207.160829566
312.410579076
876.388637109
876.81627179
234.498211589
179.449561319
207.506377704
309.683274214
207.306000818
830.131683502
206.341260459
309.896134143
1346.90582229
210.067066822
105.044864777
714.073085253
683.887569716
307.95831262
309.2953562
312.449531694
308.38736532
308.949688872
865.13828123
235.622542061
33.3978625609
239.689417754
1045.3709759
200.715136465
309.112360855
310.01430512
309.024604522
308.519250042
105.458830454
206.541687625
644.29893072
206.727072025
721.748597142
107.233138409
432.920266875
1063.71757428
882.72588437
224.425693709
1073.19461678
1257.76073066
224.277418462
1113.06449405
623.46339138
206.869330923
33.2346540122
206.915074717
86.1560896327
206.890468515
213.030505783
65.7532543157
32.1170209211
1302.70073561
1264.45043558
830.2776815
210.215614379
715.39518625
206.791856897
208.064174735
62.3528885653
447.739376092
221.454271262
108.828493351
222.853055408
202.085982523
206.637116158
1264.18000742
206.561357564
1311.97475708
209.432444559
105.581315607
206.792999985
1302.61646412
206.547111112
831.326729268
205.018942389
1265.18990544
205.911808091
60.7218314897
206.269176859
106.808335014
223.068808354
727.248335249
226.836482091
222.238376699
200.597523267
1313.62285034
207.027718766
86.8208394717
207.480830784
210.625100178
429.690876759
1296.61340941
105.980908886
1249.68672235
84.4781490484
1316.80969832
1263.96715115
436.675995493
219.910092098
61.7191685304
227.025358541
221.515577754
205.859191624
222.205272864
205.10999243
204.818994388
1250.61286505
204.659010368
1313.03115048
209.824357585
105.476320104
207.803143461
1304.2141448
206.301150685
86.0816231592
205.93550598
1314.13666579
205.916259299
60.4748118283
206.400028078
109.788024875
215.310759381
198.48390448
86.9364016139
624.840004833
2177.46004159
432.366844925
428.434813147
432.289698284
428.794737633
432.247435225
432.056759813
430.152678018
432.070194461
430.908246483
158.853408394
432.302646001
431.926332582
431.910843819
431.930973214
432.512090884
432.412032509
429.378827256
358.556394354
431.214313418
46.2355920673
431.785979466
432.291663599
431.730126216
432.259195519
432.032178068
431.910968351
555.614983062
199.621648084
354.145486994
342.63331734
432.08600685
432.791606657
431.883733569
432.454158611
343.719871025
431.862105486
496.179377909
232.316221189
231.937477209
624.435214413
425.721660114
431.714429332
428.473346162
432.262843663
428.798353914
432.330103048
431.900212714
356.092142724
345.540150549
61.8474335652
161.53046126
432.332289275
431.914192845
431.819291281
431.889084613
432.387184161
432.158958816
429.901228696
357.735899323
280.655249664
904.819018704
431.424427529
431.993084467
431.822039197
432.200446915
432.577678321
431.838181694
357.366860743
390.925655711
432.011538262
344.636809429
432.452230653
432.714652289
432.061979378
432.411505489
348.685353601
433.349302048
174.050199978
431.807358842
313.193673209
624.857034638
426.529075778
431.876391997
428.671191962
432.324026707
429.506853604
432.480975446
431.429068762
469.315663748
445.009247024
35.5868782123
219.3455665
432.467816537
430.887854202
432.191072557
431.66452918
246.0835998
432.591211711
244.706297566
440.956284271
60.1161639967
200.744481969
429.744756926
432.981815106
431.572382123
432.279096265
432.004858845
434.532896008
430.523056966
479.280056307
433.604238093
462.692713539
431.184004165
432.088297017
489.972760575
464.077032633
449.270223216
484.113818456
876.954390446
489.878131084
430.927700675
625.897529751
431.713606763
740.358531709
428.959039389
432.139127003
492.8506016
432.768106675
649.423485802
232.073521446
431.253123236
737.078505854
219.273419903
434.296211029
432.544654243
600.780007773
431.514602457
489.506119871
433.924308462
245.216980799
490.228464994
615.900001681
201.226954739
440.097540374
486.148943708
742.4786786
223.718303181
723.502750588
493.479986438
658.398600532
644.035326402
646.245926605
737.118204078
428.548501574
493.326162033
476.829262036
464.126271855
448.104388025
473.896026765
228.465194932
485.703024092
487.033854294
489.221550572
252.534558459
309.215810079
307.6230988
105.390510253
308.746118226
309.174555546
54.8379510705
208.76874657
103.713998988
209.076994864
714.395826539
208.387342627
309.062952808
311.663920159
308.726817145
308.937894812
86.6830027722
723.586794341
604.594984689
245.683632093
42.6727085953
204.272083858
309.681121993
310.353444791
308.308116322
308.214648602
105.574344402
206.600233359
649.331239966
207.220310515
720.988306585
206.741084065
309.218581197
205.70519423
304.828902109
206.454692359
311.223702171
876.481907261
235.678318649
234.602779172
146.611532428
145.652889416
310.088433423
307.52091677
105.947081576
208.267486036
309.083425444
1346.63873045
208.030715078
102.980679348
208.933964599
714.923821442
209.076665926
309.294579774
311.368054675
308.782935382
309.04465781
865.07556697
238.551245465
137.755364229
240.904826077
1251.58224997
206.202133257
309.041359567
207.533479067
308.093799569
308.409308165
105.537496416
207.587341695
642.320538501
207.213698486
720.336366725
108.98342086
432.870454054
1063.04704666
881.942276854
1327.71552601
1072.0064827
831.453518048
235.878668305
235.777226456
145.965298991
145.541968739
309.472275165
307.337114051
105.166692722
309.055936702
309.131441929
480.83259547
207.428956674
103.427454028
208.315572964
714.093375877
200.987094513
309.269181945
311.139965347
309.121178167
308.990710452
105.899404661
246.879640205
480.869935418
245.589491901
202.068578394
206.708169065
309.736069015
310.118752746
308.01264014
308.327006751
104.997585384
208.993538206
651.29089406
207.040095045
721.159246368
210.177579122
309.232331655
208.452516368
463.886673985
206.817521528
310.867107104
875.882217465
877.177812841
234.826427818
146.59106692
430.642015634
310.210619811
307.877298692
105.680264133
307.59243181
309.116770105
480.817249405
206.36234246
102.013086912
207.136379485
714.090364216
209.571722411
309.202609328
310.549529046
309.179525065
309.053488823
86.6555857117
242.53849984
445.881977019
242.108439345
203.557764906
207.470980331
308.98386611
207.438908008
307.709350319
308.47556236
105.33628537
208.810682624
139.082543721
208.514195091
720.62342548
722.08770662
495.760750232
241.09641524
462.7310459
450.374963507
471.694698241
229.041580121
355.226067406
235.989151046
146.319528646
145.114201741
730.622822685
209.592163829
107.867503757
208.970446422
209.790416635
1311.71738613
197.140319212
106.743497541
190.027659094
744.138193748
207.356156514
618.727738618
201.778185757
62.1309834218
210.735510761
86.37476251
604.071512408
604.773273568
83.3615687498
431.578855455
205.758810196
718.451636994
207.07023522
62.0442134852
208.083102975
105.581841007
208.451756135
652.110894554
206.903088958
724.322601276
207.398836473
612.782737651
206.494593978
86.3841903993
206.133366026
473.172809581
878.843262922
881.284747237
105.980309505
484.60132853
245.195899298
737.820821539
209.593638971
105.291747877
207.260092934
206.404187375
1310.22807232
656.897219071
106.382017938
191.234550943
85.2747097301
208.216753746
605.967764219
212.517443717
65.23444115
210.131676449
86.4651936684
620.251228201
620.288566543
63.7129159905
85.6755526587
206.633953274
748.096478871
206.664454388
60.6582122404
208.162186807
105.180174744
655.154419313
431.383106348
206.924036207
85.8214888078
210.0764556
61.2579131751
206.411086494
86.3395850804
206.664702686
209.117213431
63.55841957
200.744038946
105.954713516
88.5594113662
2176.92499141
623.916714252
62.6610027732
59.3858780463
47.9383550522
18.5693545853
45.4510344414
38.7801390055
14.0853608268
48.0157547368
100.067804854
32.5510595406
33.8255194492
31.3270637036
45.427310527
43.827793957
45.2617870691
44.894280933
43.484608023
43.4295829478
43.3440847695
154.40330942
147.755443389
223.287797216
223.233112374
153.238524448
882.951593023
223.546452946
223.351729178
882.244530849
224.374844673
151.263515041
151.685418086
223.396349264
882.667327486
160.277090409
440.5187752
147.587681314
161.491609956
149.762909368
148.863296568
148.024117575
153.645911073
100.470426383
149.931020058
99.4190543522
158.564220361
157.891104696
197.359426006
150.888174285
784.988619694
443.590407245
162.470362791
98.5383392575
587.919180994
150.125883276
159.674636455
147.978633519
199.093527877
161.547141979
208.89886874
99.9279647569
152.765408889