504.618696668
457.943210811
751.658864117
453.69502185
452.421853303
1196.68511862
598.043084256
335.159489098
448.292116636
752.381708628
596.630656859
503.836082686
504.307419497
504.0815345
503.696956292
451.643726594
58.9408465274
60.976311663
62.2847782146
503.078187864
451.914769639
753.872409896
902.158703665
599.321680374
905.760904662
500.580382871
429.550120836
125.934743485
156.994088634
200.670216002
83.3285467636
83.603331958
168.164071749
504.215320371
168.066255413
505.273046
85.3650308309
203.814026202
306.305250066
599.082426341
174.70290239
111.616281788
123.456539998
170.567200516
104.990237115
84.3988591409
84.0642894698
84.4250429628
85.2643939709
83.1041543486
84.938217688
84.4651466042
86.0873050523
200.388004013
149.091205767
170.582811083
114.261243825
252.186989533
147.691474352
169.316185366
169.18472076
168.796700105
169.345978716
84.2791959415
84.4066717222
84.3843580029
169.011350691
169.041161325
169.125065757
1680.07639603
168.320546852
685.176442855
85.6288227414
84.1103845117
87.347610281
167.997262831
375.497518584
148.200204868
150.029917525
894.550640737
199.141025991
150.704022314
224.63173029
103.907514705
199.897325999
452.430624877
677.902895495
108.160003436
174.759271865
428.542893312
598.626549972
108.192788759
92.8567266725
83.0071507482
83.76879831
85.6563900887
165.754420811
166.457340491
82.4096934561
86.1298535431
682.675949573
111.885770185
173.010010109
84.3845738685
86.8663496214
165.573446239
83.3537241674
911.034641675
910.896321358
911.579698819
83.7879699143
145.689890687
144.541286102
89.5150626182
150.673619091
105.207441151
199.127501011
450.604480845
449.980959059
168.531249496
83.709442736
111.031698343
200.291081314
252.731939676
84.9065244084
85.0392352485
83.2518055183
83.0806501927
87.6194337015
84.2325506108
82.5318717904
199.213139175
400.739295377
400.901402627
131.803920997
450.538576382
111.438267575
149.156723394
148.576676445
168.240027748
167.179201536
84.5858663851
84.3932497642
84.8133584475
84.3468609092
85.0793026529
85.0670701136
84.2174514212
84.366553465
84.2757906162
83.2034837452
168.053155067
84.305874467
85.8252142728
83.6249971621
82.6953144484
84.7086505189
85.0542684624
85.0027199064
84.1764965513
83.7865086481
82.9711892786
604.928392151
199.459858698
401.766391192
602.807384178
123.110576826
449.843317321
111.428121596
148.521533591
144.752396782
173.457416318
87.0386426257
83.3378179682
84.9765367072
85.6692971523
83.2530367789
86.2104760134
87.1383646413
84.0542720723
82.8092493952
85.6139117963
87.2772079332
85.5831607601
152.580633249
83.1719420789
718.46749902
87.2577651068
86.4197307351
83.5965826825
168.683037701
84.3854161463
99.125580765
85.3175307459
101.656472049
338.728235116
682.856328332
84.2309454181
85.1035623444
86.4179378213
171.593413898
294.184206486
908.750529339
145.614481588
297.783918188
151.319221187
101.575418204
149.817374866
370.605151403
448.139610042
200.927030243
753.522357663
677.603918963
677.891183264
1002.8978675
84.5721818036
679.246859716
124.446033245
86.0539116255
84.1734463425
83.7712362278
83.44275792
85.8289741306
172.376210735
85.2283974181
83.6510744437
84.1232972829
84.1204183314
83.1872842045
1002.91705122
113.435267579
124.693095642
172.660160026
882.733960895
224.972131603
898.33132554
225.453093916
592.397018703
154.504031221
146.9956158
1094.02050413
107.641008827
199.96631489
451.173431457
224.17666809
997.768083116
83.885654896
445.701885722
202.048413132
198.844978119
82.756560383
83.7103950558
84.6272821325
85.5763849881
84.3776630343
85.044693431
83.4741615629
825.16884822
83.654678256
85.6494424325
83.8105198053
85.3660636505
83.3707034855
84.8740661615
83.6257643286
85.2692480881
146.912442699
146.505638926
449.568880214
149.757578825
223.416294043
224.318261558
376.565397121
957.718289669
150.11839713
152.226138127
223.505770054
938.573649472
146.49315923
914.825615707
149.660428728
910.546800007
84.9269751013
687.001153302
85.4801820978
171.016867757
84.9408676989
170.78825479
85.0910979279
158.846346723
85.0415523325
160.475789114
84.8679806374
817.224903215
823.259877547
683.783210805
86.3739456337
104.313497253
449.325567812
150.124544646
224.210358597
146.044970936
448.081342874
147.049221785
222.577422433
148.467015785
223.084565439
141.556489423
447.075844547
223.289471868
223.998258022
226.630704247
222.423587218
111.24601709
167.011904244
87.4560591052
86.6410777628
36.6847939519
34.4159789426
87.2110178837
169.102027079
82.7483177307
40.1493714464
166.59952026
83.94277962
86.5150158828
83.7153630987
85.0460834403
84.202895924
100.481312353
150.510738742
87.4257277413
148.83509751
149.006766514
149.224265765
223.271071267
35.2012929794
200.205238919
453.406210048
451.595120429
448.505389406
85.4779493153
83.946326514
399.58738661
426.47324537
84.3799248913
83.53026147
84.5121155438
84.1703035778
84.1086397345
83.5325754378
84.5456925363
85.0123295049
85.6989799966
84.6714817411
84.0745241703
82.9825638777
85.3519740506
86.6913617019
85.0621442594
85.6651131662
97.8863099062
165.001076214
91.3154466729
151.431745909
223.983014489
157.114193547
88.4845627432
109.855918183
104.406754978
450.976307141
223.83329921
105.264729757
83.778476667
431.949297908
101.898888902
166.584962946
168.372604259
167.031251539
823.385154701
84.6812930967
167.298968442
166.886106526
87.1950522654
87.7376490613
83.8369737763
89.5661187538
343.175669218
86.5034870338
124.614241737
147.017660096
168.70900087
99.9791451673
147.581889833
150.58732649
147.120237541
905.725390204
88.1055917059
757.122124746
149.628873287
199.961146644
199.102480153
225.133581045
450.312713775
504.556461919
85.2275924668
398.278950633
428.033861003
169.669111854
85.838658415
82.1718237363
87.041886095
84.9227665266
84.8353056372
169.83643759
81.57528665
84.4091820644
83.406015014
83.2494993402
81.1246394312
112.161924792
125.085213185
148.901270075
167.958412378
448.296669661
148.870862412
298.634225506
902.494744613
148.241358182
149.431692881
149.961577014
199.134324021
199.905762626
199.055774139
452.074480614
224.349280244
504.28571342
83.5967484147
112.114580855
100.174829419
83.9481608121
602.346295271
607.700679849
341.04750813
83.7796539229
342.232043768
505.529772313
84.3780983141
341.772176707
169.150759068
682.830249803
603.81832586
682.266560913
603.407988047
454.495422702
454.454585394
602.456610135
148.520111626
603.394827248
452.555349166
454.87130979
337.509201016
336.098474154
340.236439525
199.759404675
342.431550893
340.18193288
343.320649239
343.222590083
84.3718736501
505.457727231
810.702316399
603.748504511
457.122682864
454.844979826
609.801292744
604.339112205
681.824879526
83.5987687606
611.197140616
85.1893886505
84.4856220294
926.026847587
85.7705680725
87.2143964386
817.999648575
85.0033401538
490.453285112
460.14541439
917.989937962
457.085557695
815.42370838
149.263661125
105.404356108
685.91249439
610.364678621
199.683850841
682.119007382
451.878401379
681.222202531
83.800089194
112.347346922
621.313206241
100.125953552
677.964281428
654.241650098
86.5704657367
681.349340319
680.700236561
635.280321251
491.773910484
878.118003939
902.886319863
906.384499705
86.0042569572
884.942858389
82.8078012013
86.9493492188
602.341872196
755.186729618
622.563532791
512.362995698
481.698153946
512.931006391
224.313687416
514.404236794
460.576436704
199.372540095
451.13208809
448.803164271
483.797706373
170.700276215
155.635666138
816.947454177
915.178617319
518.260333632
810.209065966
84.259690772
82.8935029079
86.268888183
87.3956549661
604.633862461
599.151027453
747.805487703
452.160483298
84.8237526185
82.8414393548
338.746008887
452.130242074
84.4263719626
602.302404817
748.335542538
598.506585875
157.392587603
815.242789089
339.750848412
601.717753188
602.664913829
599.16575954
604.476991041
603.808670285
600.725326128
340.998429723
440.807996693
111.206685341
100.616897526
84.4307846347
83.3009290881
83.8157684762
83.7084564553
84.74030713
86.4114473417
84.7609180811
84.4564134263
84.3919115232
84.1409524492
85.0207008324
83.8567019216
115.818936893
126.244504621
162.296813826
152.511304938
140.498138587
152.6105491
153.806248675
143.411498084
143.316690807
218.650417006
200.975868317
147.319355808
199.797194141
753.627655966
450.290727992
105.650932472
84.175856447
429.77394092
113.093512918
95.6355506816
85.4396290982
84.5296513773
103.610701208
84.8216488648
169.229288103
89.3156480477
34.76249465
33.4460958967
32.507043732
86.9497025721
83.3802867815
109.900296789
123.189971329
148.694499067
165.110346841
151.509196508
599.861495522
146.795689574
223.812471989
224.105087699
148.148288958
222.14372603
148.270203897
200.685890473
199.213001547
453.690801858
446.380709591
756.124164475
83.1971486433
111.593688781
99.181972598
85.5176353444
84.0021487661
84.079728029
86.3667541387
338.599995926
83.9141393287
84.2007732775
85.0819269114
83.5408519003
84.3388104113
83.0810521518
84.2769088254
337.682106315
85.4057212003
85.9703456465
84.2495536096
149.536971744
605.165084739
148.639538109
905.153548708
906.465055818
148.562226191
452.357198784
1129.18578725
200.269260241
451.347640436
452.719735382
103.616484815
84.2538036167
442.595704716
84.0999085501
86.1226251505
87.2342371761
86.6502776488
84.9056736318
85.3898416327
85.2650363632
81.8843097875
84.4839118238
100.353596452
84.5682163901
87.3438946406
86.0288394871
83.2862401853
85.6812332238
85.1450564279
86.9351101763
149.541814251
141.389822154
100.176865734
85.2174561506
148.318035785
142.054552206
100.47407012
155.089419774
106.044672113
200.012234154
600.422378673
342.765619119
506.098646241
166.90221732
111.789491408
100.118546817
505.353747256
83.8786172493
84.1682349164
757.403974907
83.8710781961
83.3706507128
82.7619809546
404.01664392
199.78878609
99.6644269289
131.637245169
130.866834528
448.025234101
112.080544456
149.311616913
149.542853211
84.5974369608
83.7680152842
84.0298380682
84.8261922359
85.0689557777
84.3091672088
84.1890679417
82.8648145882
84.1108838514
83.1325386172
83.4237829676
82.4940658171
83.9798224657
83.2639887387
84.5457184839
85.611913416
84.8463069332
83.7435754969
84.5219910293
85.7473380871
82.5685651128
85.8000543124
84.8777491997
106.866909691
200.187440414
99.5291450237
401.164840972
125.818550143
225.120618547
111.216249176
148.58721777
145.995402049
85.7453712429
83.9495670436
84.8003193626
86.9587440661
84.0894153643
82.7790966936
85.9011935262
339.519889411
85.0854419524
86.8684961332
34.2249855207
32.9850095596
85.9701981031
84.7941863522
84.5487616356
106.891121638
338.292960274
1221.07132185
86.2820785804
102.47342335
83.9374746214
1217.62589824
1216.40273294
106.403402245
84.1336902657
85.9513916777
84.1679760259
84.5995501392
128.139818637
427.037794096
176.716048098
150.25706218
306.954468614
92.8769903827
150.647055476
155.641557263
91.4513762724
1137.26103497
753.461849652
722.615550268
199.267456883
450.677012113
449.586718882
199.475864349
84.6400241905
203.111264978
124.791948438
82.8809338881
87.8164748438
83.9356813608
81.6579205174
83.0924611491
400.954726868
84.5291077684
82.8780030039
80.4365330281
83.0034680172
81.0466499208
83.2103851688
82.3875424333
199.299715323
149.153143003
167.579376861
150.189500189
148.521221583
148.640087605
147.275578611
152.307845767
149.396942547
148.980873031
755.027910238
95.8447281124
102.112378464
451.513395672
450.444443104
505.417041705
83.4388264608
112.116415095
100.740466451
83.9957735884
85.026156243
83.7834478519
85.3547276862
82.6416717176
84.2267829795
83.8356269992
83.9752754969
86.0067163785
84.9315140516
84.8099736048
84.1177932843
83.4459717463
84.6719314114
84.689269756
83.6064948322
148.320008403
150.406754604
146.370705387
222.105195996
223.764492388
152.243609577
144.675565549
100.537047317
199.841888621
603.653909597
451.310422556
103.045289322
338.036986198
444.321680039
112.338338003
101.129226343
170.019337426
86.7117121733
109.755118172
86.22550389
86.6860211849
113.449345517
103.481890167
95.5408723148
83.7416481633
85.5678927861