525.19350416
524.960889598
58.5817109081
1169.18145233
348.560946515
347.484932598
314.162760074
313.369568716
312.985583081
442.134303451
443.025695753
466.335264843
466.863636151
468.220046648
527.906983899
874.022242683
875.305677339
875.956603119
351.479949104
711.57906251
709.74965599
583.324457262
873.766755487
15.2280656582
440.258263651
221.772941356
440.695186354
440.850222225
439.563724402
221.503472525
439.654027306
440.509639866
467.402761961
397.023905725
396.727486554
528.222608854
528.102923675
527.007631252
989.138663534
527.100101072
525.500225616
987.822858385
354.303646099
350.941476576
349.677367569
592.350516269
591.330188415
988.577213256
986.995671636
986.433690077
785.733797134
349.36645456
873.980342147
711.78493954
710.914309936
872.945131022
238.129181232
226.206151913
437.111122247
682.810847474
175.614609249
313.65565975
229.907673483
441.59844257
441.914777867
470.05165012
57.6350308018
469.772389601
57.1477930424
878.661811958
57.5135426455
56.8113464769
466.525626796
57.0429553202
174.549153352
172.088648051
874.196957298
56.4535360848
440.704149308
440.913967477
440.372217065
56.3124664417
55.5605742979
198.690545713
55.4651337545
54.7922084925
54.8104696231
54.8082453744
54.1608145329
54.1699651347
392.79316011
52.358711336
989.797805474
988.136434337
989.108328885
53.6389521064
351.434189781
352.386161084
199.629250108
786.505460789
989.552650535
988.560785378
986.642676299
590.819274872
876.642392026
526.574614792
711.465488859
712.492423758
526.218204761
638.192631703
434.034207181
448.815475746
708.442249367
434.683292594
313.547507572
313.045097326
441.552023905
222.405270773
204.716955561
467.879938042
441.40368572
959.081576688
590.323594111
183.44648659
352.907441108
350.030547749
349.36074982
350.191717179
876.647018838
877.636284556
441.118574274
222.907477884
330.682381655
393.463272293
168.295117179
351.088321875
525.101684314
428.421131434
466.700102021
442.491599914
196.737458177
442.469320913
294.421878319
588.484834749
204.690600617
712.17277206
709.604130281
467.738452421
223.915281648
175.164015181
527.290434071
444.344035799
876.604365545
593.792980311
177.168177066
173.598469656
198.858760427
385.07147
441.415294546
441.540846244
872.262922845
525.75161017
525.058702266
709.401082175
709.134123957
156.678027476
442.767023549
198.364366711
171.708027338
470.916117139
295.770217361
714.549332764
1053.14447932
879.203510637
468.476567059
591.661503943
295.117869236
466.658738033
583.700017526
710.913803647
588.173968254
875.293335332
222.635628182
331.403383716
38.1910597103
527.136616281
873.455807082
711.574909891
525.873122424
709.694334012
491.642483733
295.253814719
295.101444228
294.609988993
293.24105785
710.012630027
468.866422183
427.992601991
352.619384743
464.961821176
351.605746891
468.81873102
147.419824359
469.42261565
352.369741483
710.070830764
351.481942329
437.155554832
175.915343465
710.099969259
709.250587378
710.191873394
442.103244759
441.379491744
349.490156574
708.068809718
157.735221113
157.29548005
312.524998759
315.064215313
395.001237896
315.773871064
711.404107808
527.63749803
225.353289145
469.617787548
582.822323044
351.906651655
291.127721762
873.177633164
468.55251183
229.91679899
236.36011622
221.649357344
468.975956761
267.622904969
352.097070396
352.508006169
526.591887154
528.583626325
526.463500799
526.490672553
528.629916512
527.609315047
398.047895365
528.273005114
628.263719403
527.226982872
989.956409488
525.272525184
354.078367061
886.965532368
1051.39968188
527.976738498
993.552714177
991.578194012
526.489967254
594.501159223
526.889294722
174.238725775
175.485372789
873.842995115
527.484014254
203.660807299
201.990142265
441.639889411
209.83424147
165.820273169
470.1047687
157.38374939
156.610762992
156.800131631
442.926209895
442.830165436
156.746899196
156.56657475
468.476159831
156.330221827
173.726205508
171.247858834
201.717074207
470.331278886
591.280142624
467.968070893
467.089894205
219.771225037
109.743303229
441.063780862
217.352864728
202.22680556
525.880907972
468.387434843
468.717178856
129.598642396
129.089088633
129.03524204
128.860080443
201.736401225
989.953255701
988.426399779
989.375704407
174.918900509
172.598588041
173.6920358
116.178933418
115.895171845
200.110896575
331.480100727
330.105047878
524.390959488
351.558080218
176.097382255
176.127396987
176.092898329
203.653156638
175.103325915
174.954582465
526.48985122
174.096072995
156.819336971
156.94996016
156.572965471
157.068356858
198.855429491
312.616515727
470.845186377
441.037998391
114.290819406
172.298946983
173.048806282
350.542462483
355.176186979
874.012836654
359.745072309
201.793914201
204.840051515
442.304849668
223.633852075
205.217983176
171.648597571
199.129541729
441.954212857
469.741380865
351.57810901
147.356871071
97.6724851977
97.3852591574
97.1059375136
96.8403586556
200.776690964
392.825765478
221.762753298
399.468517752
174.414339541
172.709223796
174.106118956
115.917314172
295.992292143
350.635083555
469.017556798
392.04441466
174.951130404
174.424623205
173.817081891
173.493875427
200.939560061
220.650609192
222.348112723
176.25077234
221.623380647
158.382263398
157.389110392
155.893168212
199.810688823
156.151098361
157.048939452
155.917940682
442.913751018
172.825551314
172.46345986
353.199064999
172.808099973
198.909487114
469.434209492
296.639208006
175.252665492
109.18716814
221.629756275
355.930739534
591.281892862
591.294262454
591.097674017
590.664455245
470.884402512
830.73417893
97.0884916755
96.8675538635
97.0895332117
185.670889345
591.292363627
590.416128853
988.442281192
172.481142974
115.568194185
397.788314115
115.738533013
470.011036161
466.229358853
352.421215897
1387.24342588
358.962757689
176.560657001
177.266679089
176.45079735
176.450844013
266.19658709
715.194014877
356.70337513
358.039513445
354.70003409
352.26301867
315.016861269
351.952666156
310.496346783
317.82785055
314.233589321
356.62017686
353.642199231
353.166282653
875.983353775
345.753142579
289.680720219
350.753144229
587.08835509
294.022833319
875.366340135
469.24103849
348.056354546
352.740714949
357.192405416
469.399861847
354.263021486
527.011949346
526.515511586
470.459033962
396.164604725
527.360502708
394.544998017
526.92472357
1051.80077131
887.474099189
988.567863255
527.493492255
353.437131673
352.43471506
201.618581537
198.873606327
201.042239387
196.959242985
193.777703195
201.480109019
592.927061837
176.529470195
176.539742274
176.119009561
176.500132217
199.640370798
441.129292477
442.740993876
176.438395782
155.325590216
156.455431473
156.403604925
156.321093268
181.953670378
156.386184362
156.477382064
157.043984785
154.47529016
172.667167105
173.362272828
172.827124896
177.410780542
200.93359444
470.153347443
720.652159875
709.808626721
110.210771048
109.900689974
109.865684124
219.223847928
199.830887567
959.863237743
428.02591451
207.33984446
126.341172691
128.849698922
127.856208054
128.289510497
198.948599395
129.017522137
129.414233127
527.760788811
172.190880041
352.299392886
173.248469812
173.055986504
173.499800858
186.198741246
176.181092574
129.933670636
175.229920117
176.298435747
177.003330401
177.482595471
176.987054222
200.52933415
526.51239507
440.91356102
360.012992801
475.003223002
821.212531315
157.356118007
156.815227623
158.025557428
1218.61114026
1172.17862033
222.025642931
355.506587835
114.589495247
173.362078477
173.021811512
1229.49721039
199.729130063
353.631733066
911.264809593
469.445495684
151.225298314
109.526141449
712.720308736
873.321104914
181.339951644
443.253816636
201.195477765
222.90100931
223.367935403
197.103451964
97.7824733804
97.5675152149
146.697054453
200.895844843
199.195257921
406.167848043
1286.42040099
1206.59721861
173.301342278
351.803680097
173.176414468
201.908167412
393.530729352
350.471676537
366.010809603
354.575390852
176.419745388
176.237534617
176.202422818
177.910098298
266.221709118
262.284233453
526.047348888
266.969046185
156.212254714
157.171824522
156.951912851
222.510784153
493.791336427
442.065619201
707.058984145
351.336638054
115.2534052
173.058217895
716.560789352
172.610685452
199.818928218
468.637518694
438.251590783
311.408970337
442.84114793
441.970024678
110.104658007
354.476501949
201.883804092
494.502098916
470.724428095
709.956733476
150.188544075
97.8363985572
771.171851673
145.68581101
208.290693502
199.599534651
198.852828294
97.9348254505
394.370020278
115.122762726
172.228194224
353.958198667
172.126703937
199.331276548
354.143499036
1212.98816478
375.390790962
176.324145961
176.941617813
348.820558665
176.502507076
346.221708113
265.796983532
264.359367481
267.317649522
359.640253463
158.121004841
351.470125518
353.215107136
356.688144644
354.464745122
356.554124408
356.471334506
356.039801794
353.862905287
350.527045056
58.4206619454
59.0104694557
352.006769769
345.262797167
348.539342712
354.132392176
358.787317897
358.594204766
356.820957536
357.49358943
358.379680418
221.08265568
362.34289682
368.303090023
409.240125709
400.371374977
407.085615613
427.956605567
426.576117959
355.050318967
360.980615305
362.186608518
359.762538218
448.950130971
359.419784814
481.277594372
395.564246572
383.375796099
436.966161054
436.836684272
467.036288378
393.19318502
357.536696386
355.168232401
359.471145255
873.031968178
360.500835472
871.109373207
356.901626945
872.031196535
358.482723537
709.775985844
709.580742738
221.808517151
441.120634004
217.228071488
220.882394035
350.969246464
356.247290175
362.030944092
357.938008073
360.923111018
350.178918455
872.008205599
443.135541469
355.558776238
358.914643202
351.455062212
428.303428414
431.214529975
428.6233995
385.658722661
387.828644563
444.692021082
432.910328556
467.874234872
385.196390767
356.769031848
352.163677534
876.071343584
871.89356102
870.911494601
871.734131231
871.078256994
872.494379873
580.444945803
301.492390628
711.79772163
711.825315256
219.38714467
218.634123472
220.76839629
222.461505431
354.751340418
352.692071853
354.25597176
395.688724233
351.818470481
871.782933164
432.791261948
360.463768205
433.381423899
355.3238641
1049.62576539
442.063805197
347.747053213
156.809301844
387.864474666
1047.42336822
340.501152505
429.101554395
709.228307344
467.074364751
352.655313271
934.624802553
873.075744352
872.660771308
871.257912695
579.491297001
871.16074645
871.442859321
312.830503156
710.862199754
220.710257341
220.8991798
713.892332871
221.578047762
221.331129795
358.146582764
355.567805042
349.385578276
358.886136514
417.342909555
433.838859452
440.908638739
434.247345918
352.067962436
351.497718868
432.123156651
351.332818777
469.031568601
155.627456687
350.822890166
437.157394465
356.355853319
344.77969647
441.170250619
355.997938673
447.701460948
873.613200999
358.653893352
349.906540214
870.705438761
353.465202932
429.985925386
351.639637996
349.956726683
442.881775556
221.925004722
435.999573844
355.246620946
437.236200385
430.940800007
438.85448955
872.519676222
430.773208638
147.593421478
130.573797037
133.189422923
107.996542072
101.49749518
99.7251301376
142.291325715
130.668801521
198.190623692
101.52759382
100.114434845
98.8773849334
101.018159452
101.188450873
104.469253984
102.109574649
101.710451386
174.767382218
174.315669303
174.371044862
173.70082577
176.049092345
198.241498077
348.387449588
172.439011934
153.923215186
312.600275162
248.270827318
441.295726329
155.86683547
156.368476471
155.75152128
155.44433711
440.105426899
349.396871162
172.017268492
172.390107706
115.768371761
175.042336108
466.272159082
349.622085634
348.605940845
440.569416588
440.396892858
330.117514675
523.663452536
199.620904599
198.34816392
493.222803828
469.619775322
135.05470607
394.651742556
128.317268843
329.736200681
392.82361398
200.327169322
392.697393413
130.711782277
389.789813752
350.26941863
116.028970037
115.737287703
116.121544851
200.780641832
199.297306016
117.685704025
120.620744604
873.249402454
173.960121944
172.925000945
172.726770269
174.317170183
349.95853316
175.179458637
173.868205665
173.430348757
153.55213104
155.223020894
155.954934859
468.857329962
198.182071835
156.506522424
353.7448069
526.9860263
348.127636386
115.56797899
346.816823983
347.074425431
177.392671231
115.233258929
348.724481489
351.247851255
434.344985587
109.538811206
109.359096608
196.965939334
442.548714939
350.936693863
353.43939684
225.160456666
349.839174615
446.695090655
444.178619515
442.322970233
439.751207301
197.035330606
196.69433051
97.3098501879
147.873945485
150.938320539
1385.16242869
171.567214809
172.013040301
202.468975917
466.543573709
585.949272132
147.213706377
147.145768205
174.435349232
174.159683055
174.456643943
173.517663142
199.851624302
174.497826601
174.658970101
173.804847834
157.126814797
439.908999215
462.090313951
459.854854321
155.163441152
155.301923178
355.941430605
1380.24976141
115.002735038
172.607186994
351.665258908
351.908182795
200.359418185
351.889253309
114.903008346
351.102693079
710.79296275
353.873804072
351.188340512
109.414622862
200.854050965
440.776823622
447.396357495
222.474636714
149.678618223
445.044153385
443.263794649
442.500460451
441.226827481
197.821168669
1179.1860837
464.206007031
468.904301122
115.089434854
349.817684577
871.948687377
172.033212449
200.849548681
156.032397107
164.800112265
165.55176305
173.253204744
173.654151212
173.961448589
174.206527249
197.040926258
349.132248276
523.956791245
592.161683733
154.914892819
154.270922102
156.130476782
155.618665906
200.973558006
392.713823603