20.6118820053
23.318135648
2355.30768193
392.768645567
524.184982033
3050.70548463
4057.62660122
523.114198053
523.349004667
21.1155449556
783.717239732
329.482333068
394.968636559
392.797089327
522.781508051
783.344171925
115.2287469
785.87504268
989.400337045
22.0092970629
658.982232482
662.093248036
21.334987582
588.194281986
1178.01769083
588.22020518
984.597534717
988.321127372
492.962248735
246.839001501
986.095828868
1484.25248663
1484.58898107
2644.71739244
525.433050849
2639.02606111
2907.11482054
1050.43901669
1047.83087605
784.056452746
393.134278611
523.892743455
521.88976201
527.050831071
1046.70294458
1303.45109113
1269.004793
785.422592633
261.638101325
3195.94727865
1310.18247676
392.703997237
1335.26034194
1309.73439962
1311.6375994
3332.30209824
659.755884164
2639.22187338
3471.68937706
1321.46704278
3395.37631103
660.203843563
661.050597595
659.468928584
660.920512046
1474.83517429
588.153473964
492.853249317
24.8795255192
587.614693584
493.750383737
1176.70163643
393.879182813
393.038631271
0
22.8395217945
404.110670704
23.1381882855
20.6140909708
20.2135558025
2370.88672864
1572.11522491
2070.12782037
521.174952463
23.6007636115
335.187701595
662.139498016
127.611528742
25.0207522377
261.9779718
124.121155579
1044.67508646
393.71349807
24.012198054
1047.10232054
394.285154409
2429.84469682
392.470758258
754.083028735
1170.38132387
332.858093795
647.429076895
2857.69006102
875.5567123
1161.25717311
25.9169151815
0
2352.16126073
22.9601062008
815.380262849
40.5902546993
987.56012604
1639.26497424
294.791774547
297.214178378
886.655323852
657.364664414
3831.70588105
2092.24031653
988.045858771
22.6349922848
0
0
11.5978316249
0
0
2390.26067041
2372.6736098
0
3969.36307214
661.404240619
0
0
786.444893548
0
915.48669826
1045.28183565
22.4521064616
0
2047.60446742
391.76423781
2773.14684843
0
3843.71815199
1321.50142611
976.888011524
4012.91396279
657.859602616
875.801041129
514.187159838
1026.41235886
1396.17676261
3900.09840847
769.230393145
4174.74843887
323.399495301
647.350486834
4082.88881007
588.509586709
35.6935669322
740.714549591
685.133473073
1026.31915666
970.005893449
3300.78280348
1320.76816432
1320.38243079
3079.91676392
1319.52720505
1320.15922615
1320.1458483
2617.2007992
2935.99700491
1322.9648359
1322.16235183
1318.89751732
1958.55880467
2743.71662161
2351.17194983
1959.74184545
2747.83647068
1567.33182985
2620.844772
4109.38393771
1026.78677036
1291.27630814
1977.32643857
1320.69650138
1971.85887139
1319.6327778
1319.49567421
1321.17962509
1321.49076536
3666.18740303
2936.46631344
1318.45059173
1322.57763076
1320.77153069
1961.05542989
1960.89173354
1961.40179365
1176.4588986
3928.47078522
1961.30135088
3925.37227883
3955.84201291
1321.57752025
1319.72724718
786.018637909
1317.96541408
523.100449564
1048.22450384
32.7261327819
2366.14667482
512.459269155
785.59662687
610.480062118
784.491586825
1313.45376294
1567.41562547
986.059213459
784.663567875
782.13669839
788.380519173
784.801662587
1047.36701378
391.773553847
1162.56193748
777.770717611
785.561951604
3913.78462235
987.491100619
999.440768022
975.748187682
586.399067558
860.971848557
524.584029956
787.220858258
531.224532856
1177.87391144
415.37871721
779.772823749
588.33493129
3913.3575824
3983.99760974
295.378352192
2359.54451932
4058.01575894
330.73696979
657.423469758
662.679383941
1483.60633308
785.726358542
523.473535012
3953.02182351
4117.68960137
1047.28470344
2046.99680469
1049.02422971
263.903823561
951.512109755
3972.89920289
654.710769309
1046.86744396
783.268205527
3953.17756575
392.698919985
785.946801365
22.3237281606
393.604845055
1311.77670028
396.62257027
781.436150121
393.325012697
2690.62060579
441.049228584
645.266313736
0
439.603140714
590.733231268
660.822771925
527.675526778
1313.31453599
440.722400006
775.710717694
1164.66595032
989.897928677
658.805472117
586.949759599
588.318058748
2681.42580311
1674.13106577
1175.84409029
1012.68243868
1301.41396884
1319.61970573
1318.88828222
1321.52469096
2643.6864462
3957.22305412
1321.06168748
1319.35667751
1569.70622216
3962.50105948
1636.69125055
1319.3556211
1320.70328268
1314.61522239
1317.90129999
989.741449263
2743.3001944
1313.32286187
1316.71667903
3137.86434536
1317.95515235
2935.56191531
1310.46813407
1975.87125617
1321.56245833
1320.65657566
2640.128974
1321.10735708