651.270938278
657.99930768
657.234803598
657.548761283
658.00563228
657.428594288
657.499284541
658.308753247
656.436550016
1585.35859244
549.774572272
551.925910463
552.507752653
553.068256088
552.953110603
552.580364813
1637.37238027
549.060220331
548.292369709
546.926552936
548.165023734
547.968425329
547.967104905
547.749619096
548.060364756
546.578775199
546.040112248
653.724008303
657.872925889
657.985877349
657.963125525
658.120197114
657.137391519
657.56391948
657.606694469
655.9622399
1641.90449665
549.560484393
552.092606525
552.71246274
553.022011262
552.725370077
552.69396482
553.093888278
549.001056003
548.071385432
547.049705261
548.075014143
547.840732146
548.003937612
547.933241045
548.129617066
546.654905792
2457.30630138
653.753089013
651.247586779
650.537503911
651.803980276
650.833419474
652.055566952
650.712702664
652.097795322
649.165961773
1515.34186047
549.780082953
552.335615635
552.954111078
552.894132433
552.670890096
552.868573912
618.763226606
616.27143267
613.739067658
614.27372997
613.712050696
614.303780209
614.627912622
613.119598559
615.255330303
616.846868435
2406.1826219
550.291646241
549.079663769
547.404511919
547.364810502
547.39912919
547.685527006
547.450771798
548.434097048
546.972412783
1682.88206385
488.322102288
492.448537021
492.755779489
492.489010134
493.236321357
492.652413201
551.001100218
549.129135751
547.640534035
547.760180753
547.775412287
547.679159387
547.791143063
548.296571848
547.285288387
546.596132093
1467.89054534
653.289882801
657.33561044
1793.72792974
657.885311525
658.479839794
656.773047215
659.332456237
656.608624912
655.894420288
553.737176428
550.173365636
552.560486733
552.918265128
552.647574325
552.775668804
1736.38136134
549.176460198
549.410097384
547.587031026
547.584964379
547.65152205
547.637134143
548.249102186
548.27593887
1809.10785947
1804.26950511
1643.53167652
653.974074461
657.210067034
1369.41420109
657.220739552
657.732457883
656.979280105
658.431978218
656.713413171
657.025937103
1649.59891016
550.429725681
552.691062168
553.017076994
552.927589848
552.563738793
552.531947716
549.626561556
549.650057269
547.574375658
547.580253923
547.597600824
547.715170214
547.59101399
548.498641428
546.829669477
545.328950051
2423.06213578
652.697589868
651.464725997
650.25542034
650.409703944
650.997402299
651.052975611
651.446013487
651.720514296
1706.64518491
548.119067759
551.135250918
552.838042215
552.932109042
552.812410521
552.550906712
1452.46748135
615.947909409
614.559864814
614.490820914
614.974822836
614.262781743
614.055859755
614.899622832
613.435252295
1794.93622311
1706.27103177
564.016506033
549.351205491
548.01317783
1377.63712383
548.207744401
547.720883878
548.319383877
547.390269068
547.601016879
1751.55549726
486.727071156
492.702328465
491.221666784
493.160002494
491.027597081
1360.45898682
1656.20950915
557.788106068
1364.59687327
643.437495374
1325.04940533
1334.46958899
649.344949245
1438.97603246
1681.48139779
5092.82767871
1663.2879796
648.978187644
656.151060675
657.073424168
662.722994874
656.317692829
657.613890409
1433.45705812
1685.00196183
1809.36091293
1722.11998498
550.161171815
552.362722591
552.587276262
552.928660388
1533.32562985
1805.08975132
1646.9721745
550.255326615
548.791962612
547.179254682
547.158916359
547.893599571
547.922978373
541.234860698
1347.41239196
1483.13970163
1687.05978293
645.714696584
656.790788359
656.247740367
1472.09901244
1329.01285891
658.120359057
1310.06859579
1511.41158191
5249.32387543
5357.86264807
546.747938658
553.466577468
552.730742384
1513.41554273
553.113476939
553.586891195
1652.18943494
546.386734163
654.350433887
657.196534753
654.756473678
1316.82518402
1335.2425633
1316.02507487
1688.87344653
1837.40471929
1819.09706047
648.873193315
653.134407765
650.798897829
1500.01704187
1741.72919935
590.290490032
1361.83047071
1368.18423299
1375.88782681
1443.6949667
549.190111714
548.977009956
547.774787931
551.651176141
613.260395455
614.279162474
614.329126395
616.683894528
642.352455315
657.095947401
485.808982218
658.055264886
651.961814162
641.630765465
658.407356011
659.36595815
1826.80895119
618.756950657
616.041143726
613.20181126
1405.85429506
1451.84180613
1470.2492757
1449.63320081
1345.19816291
1473.15207029
1449.6900013
489.346020166
492.101869827
492.864019845
493.314220633
1491.0495099
1456.49008273
1803.02972627
547.957727613
2472.08862586
545.771606022
550.650156157
1710.96835832
1543.12878012
1400.50359269
1383.89043488
1656.75233558
1838.25068461
1413.67009953
1840.89180607
1894.59431603
645.054606538
654.50060256
5067.00208469
1686.37920139
1647.79442527
626.249105886
1647.03519192
549.675258799
551.732391533
552.627439011
553.154883787
552.568961213
553.555480773
562.176988825
1845.80908177
551.786118322
547.697076451
547.340719604
548.695391665
547.528854685
1656.09425908
1647.9873372
551.4774072
562.78551368
652.639919093
657.717674503
657.487787749
658.596433058
1487.01925487
555.242151404
1315.95948475
657.875827775
2429.48231267
1639.05103317
549.493818551
552.281492194
552.924913211
553.205858422
552.858589797
553.678563109
559.719728222
552.731825785
1293.71428421
549.917994075
547.986728883
548.822822215
548.238417473
1707.5270133
1658.41973908
1664.85617402
1662.45455108
652.244237113
652.008275605
652.562817893
651.470790679
651.531390332
652.039407691
1493.75650342
488.186120617
489.017112292
1508.32033998
550.18966947
552.23311837
552.839110584
1344.73127538
551.380654364
556.070854327
618.867662518
616.423874363
613.580823729
614.388818374
613.805761797
614.307346921
614.641527063
612.455126504
1810.8058715
2414.07628431
1839.70016294
550.279280087
549.024512429
546.73416658
547.477841587
547.398407646
1441.04219468
1380.47257008
1339.11242385
1452.81632443
1679.63313345
488.578887056
491.668523335
1444.31991864
564.981722953
1483.35816315
1448.11272129
551.45757858
542.922178292
560.074097464
553.607849383
553.39219441
553.598267979
2419.4548958
1490.47650463
1398.62558618
1522.81960305
1492.65038949
1482.13116301
1451.37843619
1403.22498199
1375.39102377
659.334645088
658.184583926
613.9004111
655.381852995
1401.44847834
1501.94428243
629.925837461
552.297901093
552.0238091
552.908008395
552.406717354
1444.20236211
549.810899122
2286.35671856
547.793583638
547.341477232
547.17270084
1643.7496885
1646.95076414
1662.04945264
1817.20119028
1701.46419597
1638.94198846
1644.59342199
1443.30330238
1363.54694859
657.174850465
659.56764226
657.012140132
655.239933126
2087.9289934
2437.48836582
549.513414428
550.987527759
2659.61398064
2922.91147334
554.379114148
552.872204933
3044.80966362
1398.49994989
1501.26673023
547.250498086
547.449141311
547.919394063
547.721000423
2624.5839361
2431.62856725
2480.22413129
2262.01555246
1642.76471248
1453.74075273
644.437735483
648.82206828
2254.83039776
2593.02956368
650.948729928
1668.67517208
1873.71153287
1735.90991936
550.151290677
549.342233529
547.679844776
547.923141908
1733.09614945
1497.2953432
1520.64213098
1443.60987551
1439.73639601
1431.80262968
1450.53783942
1456.92052659
1453.0755392
1459.35542879
1456.40331238
1662.10694423
1704.65938718
623.579840773
616.139074453
613.897617949
1756.82441095
1647.09242165
1595.35397822
1363.48602047
1281.79364348
1337.83091628
1453.23281805
486.611973202
492.899374471
491.258140488
1491.85990189
1671.65112745
1673.29410002
1859.4355473
549.708467801
549.156084659
1853.84016364
1939.39651797
1962.93330958
1674.44639853
1656.51807437
5045.08824012
5134.24111999
1658.48077189
1519.28124209
655.72480178
656.201900484
661.62770679
656.655144889
657.732609577
658.537651339
1366.93641712
656.35576063
1709.24168044
1480.38084963
1670.10349956
552.339767013
1436.58814053
1461.49461649
1444.9289732
1420.60370149
1683.67769618
1663.81290279
548.187773555
1476.67846711
2955.42358753
1489.18480772
1886.48402948
547.939452481
550.229851793
1682.50882999
649.145798655
657.181707514
656.43531887
1381.95188566
657.035721537
657.715611636
950.73621237
558.605620126
549.830424768
1385.35507613
549.185013192
552.764805055
552.25294177
552.819553995
1697.22366071
1694.62300086
1654.49769053
550.770933767
549.47297852
1675.53236389
1679.30381002
1664.12796594
1669.06489074
1675.49297407
2399.19808515
4898.78850448
1687.18221967
650.091016726
653.202775598
651.02510696
1511.398068
1458.22208832
1316.8732213
1508.28721005
651.752260632
651.106194019
1724.69397834
549.275795307
552.848445734
552.401480423
1665.315659
1662.66968991
1664.42872384
1668.36771191
615.326892007
614.472667244
614.602990851
614.533260298
614.220197808
613.177059154
1645.28373258
1353.28078409
1342.12178656
1829.5272405
551.052581574
549.006143765
547.646609054
1869.29096337
2475.857988
2369.32910961
1904.19543909
555.197436002
1526.44892839
1370.60087641
1480.10510689
1681.321723
560.343926326
494.361325185
492.706560089
493.189834971
1457.68826655
1628.58025834
1519.87820475
1388.16237482
2374.83658345
1274.79821577
2449.88053227
2295.86366984
2355.80966046
2353.96246607
1837.66360282
651.375310642
657.746236803
656.713752072
655.953051867
551.791109004
549.981957289
555.982660296
557.576762327
557.507084991
1548.05476048
550.115558856
1336.75794763
1351.40429374
628.439942115
554.057791375
552.16269631
1644.07240612
546.915029168
548.267261785
547.384359474
547.870558084
548.121605911
5178.78906949
1729.65028301
1465.43912981
574.737494327
632.016625923
649.652846296
657.247310847
658.556613547
1320.52744084
1317.97055036
1347.15178201
1309.45532606
556.262031452
550.834625971
1651.81251379
549.33423419
552.401975181
553.13525013
553.273285022
552.738019753
552.960174615
553.259951239
549.856953365
547.333448579
1358.18882789
1313.75202526
561.433266281
1287.28425244
549.18684628
550.718951403
1952.77706503
1289.1955994
652.035262631
652.442424946
651.403778421
1689.83903322
1651.29458891
1492.74936532
2962.38788564
1688.23717969
1659.48994621
1962.67453268
549.308401637
548.546320227
545.058550168
548.195163581
547.573017453
1723.09963592
646.182069314
490.743355489
658.767655414
656.876478345
658.048222183
5210.8831278
5094.03433317
1365.55713611
1373.9908473
1471.11755277
1495.50985779
615.441686913
614.948580634
614.452390873
1411.85936489
1452.83060494
1459.84475896
1723.38872757
2005.72737454
1434.21967799
1354.51653562
1477.83697871
1492.65528264
1621.67121508
1690.752211
2349.40138727
491.091662657
549.726353535
548.996101634
547.93811384
2536.17720545
549.043281436
548.131330806
547.055481367
549.254352601
1729.17198848
1655.45326367
1529.02708267
653.15082337
657.422383164
1721.44350399
1443.63245607
1723.87030762
1457.03105996
1560.28334452
1671.96831151
1719.37026377
555.923029281
1626.87982037
1638.51358331
1400.6050972
629.733925385
1259.57758498
1634.11709841
551.066511254
557.556986855
552.264305759
549.473676314
1344.36334514
2325.14357366
2300.77215262
1490.73343338
1473.2647318
1486.76481244
1488.36096827
653.998143322
1353.05969309
1699.38775773
2216.76671351
2334.82904964
2340.96676945
2269.0339546
656.224147713
656.868413384
549.507610046
550.508344523
552.631892934
553.045477801
552.853294516
552.546705816
1364.68755185
550.200283184
549.73959721
547.461364405
546.976476455
2043.52044918
2209.18530777
2425.50693562
2400.74992934
548.95904044
1986.38870739
2437.37633395
652.53456217
651.634681576
648.941191179
1799.9522514
1991.12358705
2280.80097734
2226.6365076
2415.41348442
5238.01918275
548.866324951
551.013409709
2435.31340492
2377.95984197
552.964188678
552.35519308
1463.08969912
617.640030508
614.151437252
614.558493608
614.988908833
614.399380583
613.643689269
1752.25482968
1490.6765336
1618.02648508
1809.07941372
560.828328163
549.377836567
547.8971994
1375.05947117
549.051076324
2475.9212558
549.092644864
6377.59067835
6249.39413938
5194.09231077
1891.80580854
548.176946623
2345.62988475
492.852174648
492.339888922
492.864925385
1707.82914553
554.841841
547.838429546
549.848536489
555.002525169
557.891912874
549.55014648
554.522038316
1454.65249443
1839.89342995
1741.8195049
1483.03759953
655.971984781
656.886990006
563.504694218
555.430230124
1840.07217299
1833.26606429
5146.41143087
4972.08390592
1687.79657663
550.899235083
1588.14502095
1498.99526475
553.809192512
553.112879762
552.497436723
1647.11207176
554.798362809
552.789542794
558.625423758
549.20003885
545.657078211
547.587727458
7661.75523714
1894.96845503
1818.63085735
1593.77009791
649.512889065
657.638247446
656.626717212
1389.09964507
1641.68788342
649.623992783
1458.63192443
1497.7135435
1458.02115904
3531.24766919
549.711513068
552.458340943
552.245388521
553.617242623
552.969642291
552.07627924
1605.79412936
1869.38162341
1472.25389961
549.701295876
547.223241255
560.22104251
549.556298184
550.153372198
550.848427919
365.87739874
1754.13232832
836.8789221
650.236010671
645.96359857
1508.1838961
1877.38648223
1827.26897314
5261.14721058
4709.66180925
4799.86755408
1736.48040864
550.884181575
549.658067616
1655.21337062
548.280778955
547.550055654
547.661685186
1684.60947228
654.274704256
657.032059595
1366.67239367
1564.00095116
657.554891687
657.73432181
1683.58398356
1677.69754189
649.030251661
1526.31358231
618.595946174
615.849666374
614.430536419
612.945407537
630.951316487
1448.54888928
1711.68000639
374.378572478
2265.44289566
349.375566496
490.224040579
1312.47337241
1366.18023883
1505.45206423
1486.96596951
1688.53306267
1844.63686707
549.505946419
551.355731956
2449.50448024
546.765427281
548.125804689
2052.02652375
1863.64544627
1852.93671445
1857.76625511
1838.19555083
650.841664826
657.692457249
1662.80965588
1387.55931077
479.007966359
1240.89263754
1577.53841662
1868.18339031
1822.75143525
1795.46012591
1871.54307249
1521.66037253
1452.68868709
834.563675391
552.403042135
553.11740215
1642.05351073
556.212734259
548.940092975
546.945509021
1462.51011027
1311.20793109
1325.74873236
1481.11426872
1645.32983614
1460.12813375
647.073824068
653.399761285
657.039714416
658.26247171
1955.47442826
2790.00013472
2755.07588354
280.783965906
654.028477219
1939.1210585
1662.32263643
549.287114995
551.7177932
554.179348454
552.816564695
552.304171095
2013.0490747
1469.19587122
549.222890641
547.806739876
546.845291397
1589.06690796
372.707051171
1856.49405852
1865.89826148
1837.16511774
1525.77236884
1440.00635047
825.537386577
823.643942614
1440.02237427
761.841061695
609.972959861
558.664731627
1371.50833308
1319.04502452
1485.66021621
1475.69709747
1328.93739487
1320.76378352
631.354284896
1691.7582161
1650.90886313
560.780306419
1831.76210739
2087.4543189
2244.17749321
2224.28769739
2347.69340661
556.5749002
2001.67539711
466.171243443
1960.87446106
1945.49872936
2496.96117492
1937.87939646
1991.58245284
1871.7732136
2465.98989032
1600.78771496
2739.02320857
1495.78538142
1504.47110989
1469.03142913
1597.98224288
1611.32044374
1553.49790582
557.557533039
556.555535164
1587.90213528
554.573383538
1570.81273042
551.487602005
553.089873226
552.625333339
552.32424916
553.156304514
552.252849621
553.633942331
553.44272028
1659.7565934
1468.37355261
654.016927433
656.950876047
654.642618409
657.801014794
658.690038041
656.662684901
659.391968731
657.209664188
1368.97864776
1550.79094498
1329.86000792
552.310710212
1864.44364199
1858.69716786
1492.92303722
1485.71222083
553.067798746
1492.30120118
601.422743417
627.491404102
619.068655374
617.955008159
548.756262471
1515.08775746
1259.78415867
1889.86999899
1883.52686282
653.731023427
656.925607281
1378.23279678
1992.88881801
2254.1672536
2352.51635057
653.937163326
655.576414348
1331.31136778
658.738229173
649.861100589
546.619425769
558.864364551
550.276708391
1482.96279982
550.20870664
550.065136937
550.206000475
547.542970145
547.484169568
547.763398649
547.97515264
547.836262684
547.125031346
546.807044201
1711.33911163
1625.20585509
652.590479885
651.53445372
649.650122328
650.269176972
650.873593309
653.372420098
647.645541948
652.695638759
1612.84231876
548.852979246
549.111588776
547.349905472
1885.06808625
1469.10122682
547.764457058
1455.23818083
648.801103789
656.132982072
606.350485398
1253.48406867
1248.29924091
616.402702023
581.482675983
1520.09912031
1433.62133738
1739.73562355
1338.52733333
614.785195724
614.689868174
1702.02123784
1650.63789389
1642.30330554
2347.38884856
1858.33157069
321.719608617
332.009058462
1659.35420094
1692.59887526
1862.83214318
1686.08706475
1661.33596951
494.078128612
1855.52453462
550.013156654
550.217533796
546.811324906
546.639974455
547.583677813
547.39566361
1717.37492678
548.326223606
541.857067498
1706.23307254
1464.49036618
656.186384129
656.694741897
661.978231603
656.572022042
657.606280988
662.560305328
970.604804064
655.971585419
1359.96364497
1338.86229818
552.385310392
551.860477092
1489.55414794
1468.4755714
1288.33044765
1642.58204373
1473.71348084
1470.54086996
615.011258919
622.159194762
1448.05023424
1644.22284885
1658.81695078
1952.59131557
551.059981532
1828.90980759
1608.87324127
656.922900319
656.339380242
687.116513948
651.664007439
625.541470339
663.411152414
1344.10421448
656.307288082
1654.95068447
1856.03186029
552.407141692
551.997512279
552.054130825
553.181687646
552.227556426
1877.63377033
549.344184521
549.033439485
546.824692929
547.516056699
547.897074182
548.088783976
547.093791373
548.310478747
548.849103591
1841.86516536
649.387316065
653.33943025
651.081374397
651.274828808
650.263325287
650.988753198
651.717599004
652.619312433
651.727201281
1401.16603349
1313.85609469
641.714274026
552.460665988
1857.51961965
1679.36572606
1475.97670797
1474.08410261
554.518822755
1510.18975709
616.397451755
626.394741684
612.25711594
1243.35186743
1511.46160297
1837.71096821
1862.71433982
2319.96349508
552.446708552
548.89538622
547.71954705
1345.06363809
1312.14088149
1358.41422491
1482.54391158
1488.82892146
1485.883171
1485.86310614
1479.12712689
1483.3177986
1494.88853514
363.025630645
1995.44087041
610.890604716
1460.25314353
550.458558379
552.607093505
552.958201649
552.875459124
552.458945738
552.843674937
551.762250061
552.237838311
1632.76569859
1838.34941723
651.168065397
657.860950353
657.260437341
656.851885031
657.485360342
657.613832828
1474.22204347
1669.71614639
3003.14107423
1663.14170909
1859.02356276
1442.39390512
552.123504968
552.260350235
553.332020168
551.027281918
1502.35788784
1468.17613202
1671.82021063
623.166482122
620.92574834
547.017465121
3449.06139413
497.243576334
1466.8829378
1362.00382008
1266.40370506
1635.12590783
660.857558381
2272.14936109
2263.39479289
2219.06284669
360.910277323
327.402557323
2355.68024123
2346.35691486
1322.92301733
1636.96045566
1633.08348698
660.883213966
2311.77411796
1310.78292887
1308.09736621
552.666901806
548.499574793
547.166195404
546.491943516
547.811628863
547.954214959
547.852872999
548.069001626
546.689362016
548.304655376
1894.95308622
652.636857315
652.162514883
652.299039654
651.629770352
651.141034839
652.348670894
1699.74375706
273.464653059
288.889782868
1341.45093432
1649.72915419
1366.35673922
1479.75497115
1478.26241114
1491.90215554
1438.10682094
646.160752201
1840.68773519
1912.67274975
2082.78173576
2052.43146706
3575.22806251
3600.30365869
2256.812139
370.105089226
2198.21825302
1899.92847108
615.667071894
614.377846678
614.727255068
1660.89816123
1657.24717093
1644.93613495
1337.36604159
1345.76333981
1308.7038095
1331.42720406
1477.33986779
1402.29852959
1867.23080286
552.011163811
551.426442737
3349.95423354
551.015099487
547.861122338
545.4954464
547.543231105
549.832426318
545.605203947
1434.98080461
1806.23007793
1637.79352854
1834.84509927
1969.75621814
653.644193568
656.879726318
1941.11166414
2218.75863522
2484.31692913
1943.3193086
1949.94301435
4999.68533042
1806.15918577
1495.15876426
658.461376192
1323.30774787
1479.55744582
1476.95162059
1476.72752799
1465.32448863
549.985234227
550.856546821
546.886579329
547.625300614
547.652052623
547.839368494
546.923515012
1419.68477308
1450.48487336
1386.61302308
1633.97272265
653.7490821
657.275051956
664.904532225
642.092555991
634.979932149
1676.49798183
1644.5541998
2299.37664152
314.490014707
1384.24351161
1684.0684241
552.540086584
1836.06682548
1467.28495187
1888.45128711
1836.32499498
549.999145046
549.960629642
547.309317874
547.673414224
547.874472509
548.030838728
547.493887467
548.441265901
547.098450955
1713.39272835
1888.44348237
652.447580467
651.513075421
649.563460171
650.310623282
650.645975358
646.15171327
629.736404413
1450.79441731
1414.24394089
1437.57537642
1478.29125814
553.898768585
1889.54009023
552.807173758
1478.01396476
1454.33404154
1482.25243018
1472.85140834
612.361502543
631.236015057
616.72959218
614.303568288
1549.10819943
1854.50183571
1912.38911976
1747.59169191
1875.290491
548.397927367
548.455250106
1374.04481008
1349.73852294
653.000131715
1419.32583537
1493.80382601
556.952958123
1480.01527063
1517.33776705
1487.59616862
1869.31947681
1838.46393292
2318.66611579
601.232027777
1396.44579883
550.879550452
551.119240213
551.002243542
539.512045127
563.884453602
544.697865909
546.790067608
1399.64425504
1386.19383706
1387.88704572
1473.34482989
1493.58423562
1376.76912829
1387.97146502
649.031345292
654.442731809
650.207067592
653.388427234
643.112613606
654.812855027
1664.59482784
1333.19121995
1318.36026476
1486.8655543
1642.71593793
1489.08241094
1461.28105402
549.239070999
548.361527568
543.382990477
549.265842186
367.464021652
366.686529263
555.105286947
1477.66849698
1469.15246029
1503.25263413
1590.23523397
1472.63229866
1494.36498161
1488.72586432
1483.6984141
1115.66554874
1135.14564414
820.269333857
1218.77458255
1260.48481899
1671.18714545
552.775781909
1689.65761867
1464.92223645
1650.30523824
1719.86916169
1728.71383129
553.669178313
548.145145256
546.760825646
547.07183605
547.477027653
548.241076979
2943.4741786
1666.81924818
546.965413492
1835.41200752
647.227717319
652.900060932
650.607744784
650.719547273
649.332912446
651.349076069
648.851159297
1485.83926436
559.874892992
1415.90610824
1666.70562499
1460.54557088
547.183798078
1916.94242043
550.631850777
1488.40446516
1382.89606143
1498.89378991
558.914527827
626.144335387
634.397950414
616.871868342
616.82061931
1531.1101361
359.326818468
2067.25763035
1836.76001505
615.932561641
615.892997233
616.062197301
650.481690066
1318.81648064
1296.31734268
1438.16812345
1475.30081982
1465.85697958
1476.13476604
1478.54625406
1479.68910368
1471.28651658
2001.81901077
2285.28874513
2508.07807255
1370.48863409
548.857234621
1952.63728274
541.15140752
543.724000558
548.779927944
547.179186556
1391.28276109
1395.26290514
1385.9624132
1386.86549436
654.178121981
1354.27442654
1362.36971846
1369.00430696
651.195902767
651.788659155
648.630474767
653.967601534
649.811502999
1357.87127461
1338.73767822
1325.25769767
1482.42497709
1450.54000558
1633.50761996
1669.48801454
1362.1997542
550.043831091
548.026958419
531.69742899
552.606067726
545.043109556
551.524771541
557.305832942
1476.60252304
1480.18287276
1497.40037398
1468.87926895
1839.36682187
1500.99705824
1481.93463248
1467.10219532
1119.65229236
559.975395709
823.703226574
827.879164846
1355.63179893
1833.48598316
1647.81960041
1449.30115089
1667.18915825
1646.41258419
1758.08926122
1608.71361576
549.44722582
547.10575398
547.103610303
547.320634566
547.320153029
546.753857021
547.707896728
1652.83426434
549.370349535
1652.67531087
1692.220309
651.557382266
652.491020201
651.996543826
650.723083481
655.456248233
571.960772848
1318.89380094
563.24389088
1345.24701296
1328.70916579
552.177174611
548.344033356
1872.91606023
1855.88905677
1487.73249489
1459.51218424
1488.60757943
587.537912562
632.832737305
618.02583524
614.579912831
1245.59946312
1902.91689665
1914.46323982
2992.84723933
1620.03320211
549.880129007
550.556304727
545.878457557
1322.59415284
636.171852238
1324.69717103
1488.1477522
1481.62717646
1474.10261436
1346.4612625
1492.40795937
1492.6353124
1828.63086186
1675.51136492
637.695937851
551.990216829
1592.06113138
547.036620775
550.691550631
564.567441179
543.072788766
547.6462141
547.931881477
556.894974408
1387.25912366
1665.11134629
1397.67485749
1344.54981631
1348.34253229
1491.23482751
649.37662526
651.849526936
653.396312932
650.903499992
643.795529324
652.911864031
1345.37996656
1345.55086889
1318.69805891
654.560195771
1640.10074723
1649.45740283
1642.2304168
1465.26031423
551.134361165
547.263835154
542.952077355
545.15389745
368.363915746
552.590057917
2613.26426185
1469.89367707
1494.4705948
1483.93145315
1697.24007362
1845.3974648
1496.17604751
1476.20640097
551.271941889
555.037671988
829.78073884
820.697994551
1253.0963795
1351.43337053
823.127142327
1665.27792276
1453.36350188
1670.81323619
1672.20343461
1697.70937529
547.950186571
550.608409044
547.876435908
547.518552987
547.262463896
548.154422411
548.008131208
547.517181152
548.142108966
1806.84510919
1622.78798455
1700.79709521
652.202796029
649.263291566
650.599408856
650.136122096
645.360809314
562.415707868
1482.56129893
1343.50319112
1331.04921875
549.534839183
546.117703827
1907.2440694
1826.07348606
370.260690755
1465.01336988
1501.93601833
1501.66581385
1453.44490647
635.067028164
615.255578955
616.107841163
1557.22399711
1870.70724094
1906.6831929
1814.12732475
1352.76889685
613.027349083
609.995734509
623.080872354
1328.56691668
649.125480971
1398.24652357
1487.55471451
1473.13082595
1288.18730327
1669.5425801
1479.70762121
1861.57328355
1852.19896174
2025.70824776
2366.82501889
1720.05025109
549.637938117
547.740900527
545.702302466
545.321172004
550.287447065
547.409404167
1399.60299401
1930.00420103
555.140298215
1643.98321209
1477.56268263
1353.87381279
1354.1866397
1359.9920934
2204.9187841
1353.34452156
1352.32709422
1912.93728354
5305.21964008
1831.61844265
1665.10041991
1315.84672786
552.984104504
1458.99167619
1469.03546171
1480.44784807
1731.25778437
1871.03596109
549.941977334
545.679901316
547.933055336
548.812407173
5191.77364282
1496.68620905
562.828326562
280.682096287
1698.51991988
1594.23714576
661.729284661
656.323969433
2008.14656842
633.227748684
2299.22259621
2351.14259424
1686.56773202
2326.37456345
1396.72053166
1665.3007357
1779.30971251
1814.3621074
1826.49085015
1835.38244469
1885.06556514
1893.66498419
1854.82773443
548.603740864
546.078844057
546.827739767
547.826652288
548.892510382
546.834323229
547.27319695
546.322415981
1743.36053725
1703.22645738
651.838137478
651.592796321
650.770314824
649.608341205
651.680662618
1692.095468
887.695423413
561.05359866
1315.0451059
1672.8944391
552.920351046
553.16987345
1890.75282984
1487.84783576
1479.53745989
1520.47380124
1481.92956854
572.947669237
622.93691456
630.003329398
1262.36424582
1253.015215
1551.7790947
620.667339731
1768.4603357
1940.18133899
551.0848869
550.670839556
545.523955628
1663.17470696
483.021704149
2317.67896773
1833.50992246
1831.98128491
1686.83189362
1310.14607664
1318.69737526
1363.18852749
555.532422996
556.692888669
544.839752216
1528.55528153
524.710667142
1656.89361806
553.326471233
552.903767176
549.569385695
2632.79031683
2502.69888326
552.225764564
551.306353681
2916.68376409
1839.56304427
651.436883167
655.919503834
657.72442244
656.148093077
1643.38161094
2331.82629462
1359.77337434
2291.78151753
1633.06971904
1674.85421524
549.22436399
551.866044318
552.764117676
553.088253733
552.506796879
553.097268549
1648.31813252
549.219536882
547.375533294
1319.95569634
1668.15753207
548.109582299
1828.94478136
2331.65895661
547.034229403
544.7602914
1827.28663211
652.965870347
656.613523302
657.600969653
657.199503162
2311.75570205
2298.21829999
1357.59448989
1322.80305213
655.775573206
1642.17101778
548.385183378
551.962030543
551.758546744
1655.67733422
1782.43030854
1644.88237423
1834.40532873
1650.48181629
1450.8166743
543.557873386
547.535103187
547.761748717
546.737101031
1350.16356059
654.884002399
1326.24834606
1342.66569424
652.787210132
652.231870987
652.413140008
1366.94172122
1350.65679309
651.060690372
651.18165591
1336.42594603
1361.22957894
608.644010333
549.664639034
547.843899431
547.012972447
1801.83429467
558.291085186
578.408199104
643.975901293
660.182803101
657.541383144
656.672375009
657.802325609
658.231693439
657.521038891
658.12358911
655.035643204
2408.81318504
1844.00345718
615.757470369
614.51943764
614.805985266
1430.02448728
616.695279131
1445.2350334
1366.9851565
1338.61612345
1452.80992577
2233.98310247
1597.17176975
491.757653454
622.780258557
627.509104936
1667.12486628
1451.51092822
550.198318816
548.883713105
547.22321356
2413.5662884
2408.37741294
2436.08779001
1812.58842441
1637.51843123
1681.49191614
1808.43735377
1774.28253589
1840.17641739
657.431261921
1793.90937683
657.298257404
657.92296878
2284.36239139
2580.88231118
5060.98372438
1632.74125022
1341.44033249
552.076890401
553.082471277
545.864530947
560.524008355
553.856965277
553.817440226
550.358983116
548.699512863
547.561823549
2229.08761114
547.768605335
548.095024535
1767.5982579
1856.17011545
2566.6821129
1658.75639854
1656.02166295
2430.34126805
2577.12720383
1707.15192607
657.631877745
658.000663347
656.417235634
1495.05769049
1426.9215238
1494.74550005
545.96705057
550.878854897
552.404977453
553.392334118
554.33123254
551.8976177
553.081452347
556.553682105
1651.54880279
1642.95396565
1673.05152027
1692.15156061
554.278821685
549.867474518
2005.33020001
1820.13843283
1464.93273889
1581.76039839
649.250213552
651.392136798
649.254801818
1634.60102714
1384.25922391
1350.02547552
1418.19084633
1251.7910698
1570.65569144
548.519770841
551.402532733
552.74267936
553.004077546
1514.97351179
1655.80481917
493.202627029
477.920282846
1816.57306418
1640.15393411
1833.30664393
497.345076021
1656.94909443
1661.32001023
1664.69102349
1507.33401434
1494.76328819
1501.3000782
1654.46841101
1509.27328407
1378.29895075
1437.65882329
1495.17256883
1396.4970345
1354.44169045
1328.16164447
1452.73930707
600.030067275
1511.57005122
1461.69343016
1327.42661085
1286.52455104
1478.93628201
1620.13064439
1499.22910784
1495.52392157
774.217276199
549.984511973
569.00289668
1532.14830511
1622.06325567
1665.25050049
1638.32180765
1659.76019386
1701.90177808
1667.98431995
1363.068386
654.481744327
560.59987
550.237304573
658.912392693
1539.81846177
1304.40800486
1697.4866881
1432.27021886
1359.8236982
550.809831826
553.696864821
552.585784003
551.87634966
1646.7845538
550.428669166
549.226550499
547.022716264
547.607161829
548.371420129
552.80893091
549.497034229
548.334615634
4992.49176095
1674.58330791
1639.72336763
1464.11707876
1450.86180308
558.887405674
554.881974959
549.812344996
551.768715765
1686.97845664
1640.81818883
1677.45689817
1500.13393178
1657.4708556
549.821816969
561.539787044
553.085365568
553.120101841
1597.64023728
551.592691929
546.76082445
545.369088757
1535.69334993
1494.32270119
1469.93712204
1880.66589625
2413.17151186
2420.51765583
2395.69203816
648.619223867
652.957949243
651.435122517
1783.26587691
1518.52776033
650.997007939
1316.24788175
1853.47203911
1657.38326745
1577.67964029
548.668545466
550.57911342
547.756019261
547.431843983
1865.83033197
2004.99680664
1690.08700929
655.3509362
657.682289405
657.011434248
657.521414398
657.307829069
656.974745212
1718.85053316
656.894889064
659.441188284
1826.2622885
618.378036852
615.664500053
613.466367674
613.839983095
1459.80128519
1468.74817128
1705.94660915
1586.5384561
1675.13779001
1537.29175175
2422.89669674
2324.91660791
495.210516186
492.374842946
2430.56856966
1644.52782395
1467.72466888
546.958415772
547.760893484
545.081755807
1917.9835651
1669.45846739
1660.88224781
1828.72395331
1393.29047644
1524.20907026
1840.25159029
1682.74112208
1662.13230265
655.754534523
658.431936619
656.36220461
5134.6689852
1868.99334214
2309.45854719
2258.88826023
1548.99139015
549.920198561
551.912761383
552.455286489
553.165549978
552.737754525
553.281437016
1643.23923061
548.702024306
548.001014523
546.964077868
548.6393537
1664.00713172
1626.7494245
1644.1575324
548.512337436
546.232813313
1832.30197511
1647.3254359
1671.99532812
656.871595561
654.957240896
1383.21855077
5309.81986119
2007.07686823
2560.77408593
2515.82008118
1640.21109611
549.806857778
553.158027567
552.589802335
1725.50093048
552.366182108
552.554518574
551.951181896
1484.57037751
552.022520573
546.901084229
1329.95168012
1309.22586109
2576.88898799
1680.90904955
545.010965544
546.75804314
1832.46955511
652.215198059
651.911800866
652.422540839
1879.86418961
2031.70418276
2580.17073476
2341.81105173
2388.62127348
2362.65282542
1440.7959498
549.263178972
551.929098297
553.154004362
1364.64561721
1652.54256212
496.029747455
619.518095218
616.029853453
613.764344911
614.220865519
614.273086363
613.515576877
1745.71452008
1793.79317357
612.274973622
619.154190402
1840.35700135
549.05080776
548.772881655
547.507515983
547.909968379
2040.31330376
547.004090365
2056.00309256
1795.61685638
1508.42973746
1371.57856365
1548.101752
1483.0470493
1748.71310002
487.544214922
492.093162671
492.565623621
550.706850653
1637.06221262
1521.71643968
1383.21612025
2381.26825183
1426.27319287
2299.72880185
2305.11647849
2376.2471362
1383.07582002
1467.41801891
653.396221766
656.721989763
1821.03611677
553.831031715
549.824448957
551.657524496
557.312546367
837.645556889
833.881391009
1542.59992182
549.269582977
1333.3840553
616.818618154
541.968926645
551.185876936
1737.76148973
549.196642179
549.098981992
547.324231852
547.962270366
547.413714048
5209.7884337
3347.86607463
1486.74611498
551.093276432
604.357344533
1884.74046005
654.777662684
658.008858086
1319.43346358
1329.85055428
1306.91188473
533.025515464
563.414036259
549.613982073
553.560287653
1638.69511352
550.448080767
552.834859217
552.50619295
553.303113485
552.512045712
2083.80822415
549.451506794
549.422249524
1486.05410958
1368.62469988
1486.22859712
1303.98306164
549.624995654
552.394290943
549.104625539
1030.20758701
1549.98765004
652.601151599
651.821379681
1778.98307436
1682.08373731
1646.15346113
1487.05808916
2968.28612471
1696.44700496
2880.14147855
548.840329118
549.080439516
547.254725746
548.257658509
548.072466913
547.755401582
1461.40923216
652.100509889
491.225935578
655.413493017
551.513065207
658.049473477
5203.98609693
4243.02884692
1357.15023431
1422.02511443
1502.74763822
1883.60808506
615.825525532
614.30812277
1366.24072189
1421.40756048
1460.46484703
609.487075972
1864.88149893
2043.11677068
1407.56973833
1475.2653398
1479.8634202
1520.17357211
1659.10082846
555.571159691
551.971391199
1890.58235688
550.060164884
547.801485645
2501.50599269
2519.87516238
2489.27940656
546.354436289
546.858108586
548.109909799
1769.41610227
1711.31833804
1610.2495229
656.469337762
655.84765857
1681.74854822
2297.89052024
1750.61728925
1413.2969003
1545.3157109
1647.02757537
1712.07086904
1652.71321406
1622.53329833
1510.82355101
1436.72902155
631.648313638
1263.23520751
1642.41567127
551.467233007
551.602500536
549.871806482
548.603955534
1334.49029277
2469.07373025
1486.03469022
1484.24267508
1469.68555695
1495.75839045
1596.10447367
1345.52399796
655.751029737
1376.43487099
2342.63860282
2325.53389825
2365.74495571
2391.15074502
655.531795587
1692.57542231
1856.00557223
552.761687526
552.226446549
553.285690493
552.684897391
552.481653001
1888.92553171
549.744000648
548.044015263
546.255365485
548.127128304
551.202701227
2411.4922445
2418.82126657
2386.16444428
549.549372396
2445.6379998
649.862330207
653.294714209
650.994001556
653.547537107
1734.38042408
2185.77368005
2252.10616685
2404.81034547
2413.64108987
1723.60337385
549.519850556
553.183342733
552.230305112
2370.12910457
552.781200137
552.449145946
1465.94883874
616.934756864
552.457003539
613.466805498
615.094103567
614.089806319
614.802733324
1484.93257365
1484.66013733
1632.61365456
1819.3383416
550.056499461
548.858544563
547.491944112
546.755610193
548.936610967
545.509252325
5052.22948658
5297.78359691
5386.14513318
1460.01140679
1893.18675618
541.612283155
2361.96399093
1684.11472887
492.249142429
492.711532304
1875.61263983
554.589567649
545.49754434
557.031603509
552.721621638
555.486426867
551.033711471
1880.55251422
1842.63487617
1830.43954871
1836.61349023
651.413531804
657.451574364
658.286681055
556.782112099
1812.4741925
1854.89504947
1842.47497833
6387.31016135
5120.96283049
1642.37698305
549.854586065
1481.3980445
1499.194828
553.474831281
552.653216366
552.910793321
1582.33265409
554.567717405
556.645980119
556.861282649
549.026109327
548.152224974
547.920264807
5086.25258765
1888.35595884
1828.31228815
1626.90075292
650.065527695
657.731641863
656.518514475
1329.03157879
653.889302487
655.352226369
1501.12930336
1464.19718258
1713.35538108
1646.65307696
549.823788554
552.069715803
553.132242834
553.34263556
552.632174457
552.961697151
1587.37468326
1834.26584472
1483.28392323
548.483540684
546.755364121
756.289944693
548.843173285
550.795349869
1828.59307396
1487.37980154
1658.42385106
643.585607664
643.487079494
651.011060645
1514.89369074
2031.3001708
2228.92881238
5237.6428465
5177.52732963
5006.67602636
1538.02379764
1813.16450938
1730.00411984
1672.16182118
546.887007747
547.622372402
550.144891319
647.081432789
657.500615277
656.768708928
1407.4786189
1530.77248797
657.938893543
483.997128789
1664.6379674
1644.15069681
649.694486654
1394.74123246
615.577466996
614.653190573
616.670975981
621.116110675
626.881832475
1437.84389041
1855.32564974
2274.80003325
2411.39146602
1342.34269257
1315.92519483
650.132982783
1433.50195147
1518.81987444
365.971079762
358.242802497
550.157681675
549.266945265
2517.66605851
2480.4109252
2529.18560674
547.657486534
548.668751508
1788.36777619
1632.44962883
1481.99675997
1885.0064896
653.012847253
657.49946701
1793.06792871
490.877338218
2196.34820372
410.508942871
1700.95410422
1860.92753963
1811.98480277
1855.5320276
1859.63144424
1589.16258187
1451.93050416
627.268757016
1254.75040128
1458.31314016
549.891763187
541.795219114
550.925048295
1400.60114681
1311.94348815
1331.45071136
1315.65030986
1346.10394577
1466.49883738
1464.2796728
631.09946122
654.418238284
658.565668187
1359.47131817
2255.36143799
2474.36034026
2343.65713524
649.938062516
657.117729272
2283.47325286
553.282188159
554.323475662
552.064588689
552.496984979
553.876391195
551.924558274
1856.52908099
546.431432073
550.431589326
548.43041036
1421.47887448
1714.52989682
1827.88429013
371.696461624
1852.9377894
1653.21895585
1539.46175712
1439.52749031
620.725622569
1251.20243777
802.283191426
761.080814754
605.71517962
1379.22991188
1336.25112003
1313.71305308
2314.06493307
1339.73357164
1321.2552511
1504.76994181
623.81092667
1666.48072109
1664.7396606
1671.82035041
1809.96984808
2229.75943018
2255.40190542
2333.0885549
2247.43080604
2254.65233038
555.414536874
666.091361835
2499.88310482
2475.70647314
1552.10774962
1466.9977554
1666.03338724
1854.16920669
232.712598876
1486.42492317
2734.21205104
1615.43606314
1609.42462844
1699.18338408
1643.16193383
1665.31420064
1664.10434163
1744.32453371
1569.64010984
549.912148083
1463.2902249
549.402636375
552.051764516
552.284262348
553.163364359
552.877845265
552.578511788
1713.28515654
553.258760997
416.516824675
1709.43319244
1468.43284798
656.386938564
656.722757867
661.558486504
656.15822249
1662.23360728
657.331666385
1665.71468034
1661.31906801
1390.2666624
1383.27826052
1354.98964152
553.456935042
1879.55868821
553.141385089
1475.56394699
1450.77704879
1501.18766035
1482.26375362
619.599536541
627.428537124
619.772075239
1255.5709602
1550.14259064
1797.39192659
369.879026065
1674.19621225
1598.16071514
657.586512298
656.318773284
1844.29969632
2298.59617137
2276.9797941
2360.23320933
1481.67805651
1474.86952707
658.590145218
657.249127823
665.435157221
553.650592082
557.289155227
1505.0388066
1528.91552855
1884.66578358
549.846783044
548.743133512
546.686953088
547.560012502
547.84434752
547.490345156
548.122932552
742.871829403
1480.52674854
1702.37775688
648.98707373
653.016137922
651.122386182
651.299511829
650.600577497
651.228374731
653.718481073
1479.67391771
1481.08670181
1358.69431274
549.389917582
549.047294411
547.163615356
1859.57365802
1482.95843794
548.982250938
1398.80506959
374.189445246
376.230330506
632.000924647
1249.06260496
1242.40304022
1241.89267948
1507.76602504
1508.65216838
1424.28231271
1816.05913144
617.709384978
616.79511646
612.552311161
1637.88496147
1758.10405334
1655.12489146
2352.60185243
1662.11953393
325.480436646
1691.45886292
1313.09240566
1730.24868899
1855.07889821
1668.84764929
1659.58640825
1662.12449102
1887.40418724
548.891835882
547.846553637
546.188613118
548.315650186
548.2144317
548.109480656
546.410989912
549.102643245
1638.50044489
1693.59563817
650.695547701
657.412563504
656.824293548
1660.8774869
1662.10699568
830.726923511
1646.70815541
1663.90086318
830.973280166
1372.09979427
550.526693298
552.877352313
552.772256797
1477.40076603
1452.68711719
1433.99901526
1590.53783299
1472.38494382
1498.34584022
625.253191944
1662.02136315
1656.65930885
1631.1616274
1483.39772111
1481.77381992
1483.38420991
1513.07999819
652.633218747
657.718795285
655.916159308
1357.84942576
643.155044767
649.083612712
1356.55381766
1328.86656625
1320.20799962
1668.70103241
550.426134546
548.928887891
1869.56049642
550.983849894
553.18184487
553.126965948
1589.96895517
549.263075155
548.296492109
547.215558476
547.900533022
548.083979266
547.78557525
1481.3720919
1478.81917032
369.11269166
1651.83029955
652.293171721
652.124541247
652.573116024
651.229866505
651.573964291
651.94180674
3343.22604379
368.615342371
368.967959402
1494.25940013
1318.41345816
555.589864546
551.23060665
1844.20364264
1679.74932999
553.200136747
1540.80933578
551.770813861
567.158323438
624.133932847
621.966116506
830.991307525
618.500333528
1879.1132058
1319.15549343
1318.90308649
1976.40610083
550.715704261
549.328210028
545.307935132
1339.41128401
653.397243126
1393.3236665
1501.51053247
1491.46693299
1487.15367054
1474.44919811
1484.49698184
1487.86687409
1484.41271212
1382.45046266
1661.24394505
2303.59846034
551.300657687
552.089413111
553.348198751
552.285305031
552.466475417
552.709536364
552.153989126
1662.80382295
1661.43796792
1663.33051358
1641.61239945
654.37652957
656.810209762
1795.98521195
657.918118697
412.199317128
1375.16250637
1659.10003041
1651.66281824
1477.44308781
546.912642069
1441.64354076
1531.03546687
552.124199269
1659.72376807
552.658931878
1743.01632743
550.764733898
553.181892236
1696.05111615
621.93111965
627.633029558
3529.58772251
2406.1650457
498.063994238
1473.31675199
1480.52459124
1255.59549655
1660.20397349
653.023159734
2330.24458485
2213.13196949
551.626366045
1709.09003714
1479.97219062
1482.23035862
1483.61240085
1492.32147422
549.905459965
1640.97518359
551.692343808
1633.5005613
2282.14663492
2296.78794463
550.48598914
549.709961216
545.748403134
548.752509716
1480.38359627
547.895685676
547.243154642
1480.28571505
1480.52667692
1480.39311491
1619.40691113
652.323870362
651.542987984
648.920172046
650.238812992
650.511205538
651.346629289
1479.91574828
1479.79198909
298.084721439
1339.66055825
1327.43317709
548.783623815
753.250918702
1484.9291672
1475.08235862
1465.12872733
1856.70844311
1868.2125643
1870.20835935
1873.74660026
1854.5419369
3546.47842763
2959.66851805
370.892658662
373.0541363
1639.21451241
1883.14679554
617.096194491
616.117421878
1369.35882945
1668.95799463
655.353440339
1328.75259387
1318.63962077
657.302591058
659.958710218
1651.29059363
1489.0307527
1631.57340797
1871.76769162
552.119931364
552.624138009
1773.80291579
549.979016818
548.833911568
547.291400995
1660.93398311
1662.6001974
1374.38749879
1668.55980386
1937.60646145
1815.30712956
2396.61177215
1592.70091504
657.185327027
656.10929858
2321.63254929
2517.80790908
2214.74555971
2477.90266104
2491.09141451
1674.14626719
1578.88188006
1663.03441664
657.138459454
1314.96299216
1473.73545878
1483.16429174
1482.71695164
2408.2623726
550.38560975
550.243423013
546.524021799
547.3714863
1477.69820652
548.026264512
1509.31336285
1398.58128065
565.072531598
1739.13893273
1605.58138207
657.21735544
656.034106968
1821.02429834
657.536927332
624.132337726
1658.95881079
1643.16607861
2293.93815024
1645.24215406
1381.07849725
1679.4628806
1770.91044362
1825.66458442
1480.87717271
1493.6481327
1904.62871997
550.314542603
548.729739861
546.777799705
1480.45024792
1478.4319531
547.97637803
1505.92970992
1483.59712612
1483.71095149
1850.9935428
649.14285083
653.05047214
651.007922815
651.621249048
650.005652696
650.350005328
1483.38906825
1480.92469963
371.69428603
1426.32546303
1644.11319182
642.700847188
551.437589312
1873.40657697
1870.86790471
1486.3980569
1645.98941225
1480.05174578
1507.96074103
621.778436266
624.345164568
618.582905509
627.419314356
1522.78277651
2151.71766463
658.095452158
1649.72303173
1625.35802285
548.489808149
547.828054301
534.840156489
1645.05166739
640.56345273
1463.89386922
1484.78101835
1476.7299975
1479.96570903
1479.86316901
1489.37981132
1862.3802745
1641.89256752
1658.79078728
2268.52625213
1534.07727394
549.658066306
552.744424416
485.529789298
552.786892694
555.133734718
548.072797607
552.672903477
1395.87843845
1400.42258552
1405.36349382
1655.35851118
1349.56397934
1356.87090777
1366.6975044
1350.12436529
1352.67443632
648.834673964
654.92561914
645.901598257
1358.37570375
1826.31853723
1320.71554524
1315.55305942
1657.54082421
1487.11765852
1459.13570592
1737.91194247
550.248002443
548.378997778
364.464902973
557.317450685
370.188397535
371.045855468
1859.07040269
1477.19133232
1481.65218358
1498.55715614
1692.30138693
1718.6004885
1494.01624347
1481.17130214
1469.5925494
1121.36752083
1690.87183991
820.835251569
820.462268851
1355.93394119
1832.81966583
1651.38323987
1706.84723738
1671.22473031
1647.72723825
1759.1490277
1615.44709524
547.089327172
546.935378218
547.061350236
1472.53764586
1480.50175342
1481.46137434
1481.68904523
1482.66310504
1479.1861772
1748.70718929
1694.12193541
649.434850095
653.407141778
651.981394551
651.127555183
896.16609751
1692.92425362
1479.1190872
1480.77053627
1418.18115749
1835.11177326
638.226368065
541.035616306
1859.70719916
1875.2469958
1482.82153132
1457.89674084
1488.21078997
578.34545289
626.111146231
620.438758695
616.370435713
1240.2768667
1897.40271097
1646.83119681
1647.44435996
1649.05177343
1318.40339561
1482.93641897
612.23078107
1333.2144097
643.799086588
645.935110125
1472.96104015
1470.8370998
1469.440339
1349.69144129
1827.37679048
550.742750922
1386.21217125
1658.72058277
2216.09029763
2498.77221526
1592.92359893
551.726454951
1910.04175729
1626.16607698
541.07201876
546.124741027
546.287655591
1398.86597978
1388.56384952
1668.43245251
1396.28268586
1349.50408348
1357.50433857
1352.63871006
1348.27235381
653.877999179
1356.22278526
1662.40220012
1659.04763022
651.651883537
1351.88748876
1347.21960572
1318.85694085
1640.58150993
1462.93666039
1649.64148045
1639.94018846
1648.80350774
550.875471321
1651.97326803
364.890697275
1478.06630124
370.525867496
551.57735152
552.549518905
1465.31429168
1491.79273166
1489.0076638
1480.27609222
2224.44351137
1494.94504903
1488.96245804
1114.04630201
1117.90204307
1478.16767747
813.787365263
1253.51069539
1267.64461573
821.604279042
1665.71366543
1433.44071374
1673.61200482
1670.25008599
1648.89675163
548.229113231
550.437165868
1549.76115526
547.62391941
1480.43366767
1478.6252056
1659.85723818
1852.29084498
1852.6268037
1854.89051094
1355.73641236
1700.387531
650.824149001
649.307990669
650.464059456
650.533310844
643.328746761
1478.26501663
1849.51130148
1470.21554453
1669.05259795
1485.09094322
553.719198053
1885.9919578
554.175197929
369.534761294
1441.74267394
1496.15608459
1492.12251398
823.087103171
626.748045781
616.828614157
612.851821848
1535.12033513
1862.50451635
1648.43304252
1653.84047049
1358.0226985
550.305785305
1494.34802702
1665.36332454
1314.3495851
1321.47187391
1392.61054689
1494.8695417
1475.16684442
1484.12133397
1501.12910757
1487.61180916
1870.85572756
1822.59262231
1830.06063025
564.027291211
1566.12287755
550.733712804
553.71755119
551.982962134
540.805505715
1661.61622825
547.558984848
545.77311342
1399.11315446
1387.68208348
1372.61219587
1598.86268428
1354.54603042
1348.33780894
1375.23484775
653.672294275
1358.67295649
650.546081149
1658.47113705
1657.27856001
656.204362485
1664.69028497
1334.60965696
1314.09874055
653.018322867
1640.45938473
1650.24217726
1618.21064413
550.158646843
369.686954585
543.699843124
1482.50149831
1476.91584568
366.874184073
2610.35194873
2605.8475011
1472.19396954
1502.32055228
1579.42127783
1833.17904648
1482.61686942
1483.71647457
1479.72353857
1116.19923004
815.926764202
827.858573455
809.699204572
1261.23859736
1668.20997835
821.775636213
1692.15085915
836.270592702
1649.80127873
1721.87942603
1727.86258399
552.580549901
548.338430837
546.941829498
547.60738562
547.910621395
546.998076401
2952.40099961
1479.45485871
1480.11648186
1850.6290375
1699.92985089
1712.24736585
650.012129319
651.35358892
1700.75306632
1479.42794099
1474.87960882
1479.53311832
1478.31150033
1542.28122961
1677.99410287
549.191360498
550.46756264
1917.78779968
362.943148063
373.326561674
1676.204557
1491.0079186
1522.17469394
829.440212439
827.6072642
615.906801763
634.086331839
1569.97456467
368.212059879
1649.97112093
1818.55604727
620.65705891
1270.45082742
618.935866514
663.912985557
654.963796813
980.903470349
1457.13054258
1480.06157188
1471.49168957
1308.3340583
1675.38702903
551.694023551
1836.90703251
2014.91345249
2307.6118925
2508.69422323
1537.76501395
549.075241341
547.443691709
549.89280269
546.786324085
540.71649564
550.904653991
1810.14316919
1666.88546808
1665.37063696
1654.5042956
1379.95893169
1348.13615669
1352.41534712
2221.37907874
2452.05655265
1352.11800238
1971.46155421
1664.22198486
1664.84136061
1370.41583212
1830.25872323
1323.57603324
555.544585681
1466.27250689
554.128434521
1481.26586494
1807.75676922
548.160695139
548.021828276
544.91341153
550.169621589
5072.81223397
5149.67106049
1521.75178255
1480.08339937
1479.89490407
1655.24298101
648.638984349
745.979593479
739.868967017
1479.78909089
1479.99798216
2331.32243485
1654.40262252
2307.54309328
2299.05719055
1356.25232044
1707.05860288
1718.53204794
1830.25890017
1847.99268975
1854.79970927
1881.91781962
1611.73487684
547.708852473
546.140409379
546.902591865
547.301587739
1483.37552936
1482.3745716
1480.31688339
1482.7456958
1480.61873917
1844.53646979
1694.83389252
651.05645694
1695.84162923
651.785930712
651.846793361
894.130193535
1692.69317394
1477.75840013
562.964241057
1361.79398194
1838.30497939
552.580943085
1848.06408618
552.026994064
1485.73594674
1454.82975539
1513.03108723
1480.64400512
1389.28772391
631.829611438
629.926274573
1257.49556379
614.301106482
1657.17346968
1649.00993361
1834.00743491
1660.33468173
549.962995284
550.616730784
2433.25145504
1822.81197152
1937.95986945
2372.40919844
1670.01982195
1784.32554463
674.446935312
1354.64060429
1313.43938141
706.425764123
559.880576816
549.140461696
1511.00998128
1518.59960321
1579.50999986
1610.41674425
1647.3663208
554.368386045
1775.70213406
1673.5384336
1661.64889579
1516.39673394
2445.88474216
1656.69560982
1879.83369586
1669.31096773
1667.35682029
1657.78784867
1665.21601222
617.666851653
1456.38389551
1931.25292788
2581.04086615
2586.10238067
2418.28951971
1668.19647364
1764.05049438
1342.91344908
1487.66454197
1319.67895256
1318.45521837
1665.2079745
1656.17411789
1993.12149186
2214.74604048
2253.82032877
2233.52714592
2159.92575145
1873.95060971
2305.65803378
2395.70796925
1880.29161586
2536.7444743
2484.10224473
1459.2649188
1661.82935115
564.220617988
280.00399216
276.45384243
274.342646642
276.718205233
1857.03974128
1687.08231147
550.845430285
556.193550165
1392.22399245
1393.89169828
1657.38332092
1674.27827397
1825.71309489
1656.19329441
1802.60700751
1737.21582413
1771.85397254
1821.42534123
2257.23262985
1446.34414979
2476.67236478
1623.07279739
1653.30661157
1443.39260635
1659.78802895
621.520277691
1440.31300596
1440.23979893
1933.78601933
2311.69283599
2586.73065891
1856.37970519
2414.78693836
1458.09160126
1345.99468237
1487.89495908
1469.97257597
1895.53984124
1672.7474719
1990.57092742
2623.10335082
2243.85683847
2429.91845899
2578.98473238
2211.1977712
325.196213011
2285.20064449
2307.83146008
1612.96038299
1744.12881011
1671.70202565
2045.43289635
548.233464635
277.347721763
279.674034202
269.934334747
273.920136838
278.560270584
1857.63076827
1356.19562731
1442.81730618
1399.66103597
555.525481711
552.905014902
1890.96261021
1661.34672181
1665.02109145
1747.71774712
1770.8509373
1777.6476172
2315.08911153
1819.1330115
1379.81226796
2454.65952851
1652.19255325
1609.81761021
1639.89861418
1654.27037512
1449.93098692
1650.61852511
617.858577283
1452.80784148
1947.97520611
2302.91944232
2213.3219479
1855.20907837
1811.17457286
1358.57086992
1345.60972306
1488.67611163
1484.23597566
1880.96662409
1673.53351004
1984.7533924
2394.04547277
2233.18623991
2217.47480582
2402.70505565
1716.77041006
2030.27155435
2461.22642683
2489.98691303
1572.63797637
2315.89730034
2436.61467285
1785.40316824
582.984677686
557.974473544
285.032554364
273.38486985
1663.85808687
279.703601804
1852.63428802
1624.62950483
552.868539843
556.249098518
557.50290325
1427.59753997
1874.36456121
1682.68859189
1545.21945513
1683.396016
1675.0723888
1760.73742293
2496.72166316
1636.83350154
2299.66034509
1651.29615964
2464.25526583
1636.02055267
1665.70159792
1639.32570225
1648.52280934
615.63684884
1433.61633155
1749.72646163
1919.62881984
2263.65633604
2241.66087248
2412.78268126
2393.23362007
1648.71950087
1471.55503666
1507.99537771
1491.47016563
1641.481384
1848.14426505
2623.0214488
2430.89888739
2233.96774559
2235.0610836
2186.80818802
2212.81028578
333.625683411
2299.35193916
2339.29109122
1646.01273078
1825.70921225
1617.92469654
1731.43338127
548.716069136
275.029877155
278.620301837
277.734044635
278.355747067
1691.01228414
1671.96563386
556.633600848
1391.04819176
1735.27808554
513.463764012
1817.14026207
1888.56133053
1412.24063721
1671.33993821
278.712536318
1647.46706083
1765.00292782
1827.51421943
1468.2126891
1422.30285049
1653.6775393
1870.26347915
1398.53217016
1395.1770955
1385.33573113
1381.93596188
1393.64653677
1435.63277743
371.591749149
2581.38738493
2319.13738674
2412.19618073
1686.8206993
1658.3511463
1726.46944298
1327.05398371
1487.01699192
1311.71219851
1578.49229859
2004.55726069
2636.49901465
2435.0760472
2248.80826059
2200.59542337
2203.01352122
1869.41271904
1872.87703012
2294.00987753
1885.67820683
1884.85473605
1900.47498047
1794.67879438
1362.59585853
1382.91523636
286.609449397
1639.85234322
274.150338129
1798.50428928
1818.6987204
1687.06304025
1356.10943383
1404.514252
560.626860857
550.357381596
1663.08792106
1575.59528297
1700.03844504
1872.7417081
1725.3360604
1851.76676868
1774.25688207
1783.36854867
1464.2946602
2280.33755284
376.551292248
1892.50783407
1401.93118586
1654.16436916
1385.2488946
1397.46553655
1353.50026157
611.543682436
1908.25735408
2335.2389364
2260.3116087
1861.33876335
1693.50290726
1715.01786217
1726.94526198
1482.80136063
1488.74014139
1459.6723105
1666.91470772
1672.15202332
1978.79058241
2220.89137425
2220.99216527
2584.46485467
2201.14912838
1835.83789652
2307.0473395
2278.17964772
1610.56240419
1434.6491177
1869.67213387
1698.18855484
1599.69170247
552.113782488
1671.28972882
2239.74358272
1659.14511957
556.349471167
1711.70995625
1690.51464623
1657.00411861
545.520348924
1740.67347194
1445.04499594
1817.29098129
1601.81778287
1684.46916684
1691.26378033
1484.66230315
1775.62993459
1815.8092433
1810.07528557
1388.07044644
2479.0493662
2287.12450679
1609.26842452
1393.69721252
1399.64573791
1657.0084655
1388.53085105
1406.79001512
1360.62878979
1677.97809248
1670.87115708
2233.75835323
2301.24092546
1477.68273647
1460.6152216
1661.98497003
1485.14287278
1482.20030527
1845.52481379
1636.69559201
1995.56644131
2211.47971873
2220.45362805
2450.44777992
2235.18366243
1784.4545076
1840.90726514
2449.48136158
2486.24997727
1595.239169
2348.88287333
1638.33279733
1374.8038932
1330.55714128
1416.68155404
1671.36024646
1477.1032917
553.039286874
1683.01183209
1662.38615281
1464.68070033
1649.94660083
554.736423634
1641.75130507
2156.00383068
1689.54232623
1639.82363423
1706.96509886
1687.16864372
1730.20487825
1657.91196182
1920.21562118
1803.77616077
1683.94579799
1656.00703074
1652.86983894
1648.18105176
1394.08754389
1390.4803432
1373.15516528
1352.18199006
1363.22752713
623.333622474
1899.6341016
1872.17910157
2431.12281862
2404.2232801
2218.43183103
2486.75968621
1660.39330983
1476.23325313
1468.60955128
1350.51203044
1652.37555818
1649.26233452
2399.5455884
2268.62574611
2231.68060399
2780.36162456
2244.3172477
324.744540129
2326.30072028
2319.51368844
2384.79279983
2482.1576159
2325.32886579
1747.36460614
1416.30779422
275.379943932
280.516275336
1666.49333811
1661.84771362
277.133960437
1661.25202035
1430.95786724
1358.07431321
561.126925366
1663.24477263
1653.73208501
1535.60230128
550.182849279
552.264897369
553.110930605
553.344152014
554.373241406
550.621292056
1704.7270751
409.343270497
415.990266425
1706.43101898
1354.09082218
1355.49476615
1354.37901434
1354.18879417
1356.42084503
1352.24012914
1348.21916225
1666.22449975
1664.47904243
1384.56540415
1664.06178102
554.956252711
554.349931123
1881.11877608
1492.00749293
1479.21343963
1494.49580331
1494.51395669
563.134831287
621.39951438
626.141407941
618.902924553
370.773092306
376.781994453
1842.31697671
373.025203232
1868.11450065
1593.8279093
1705.78295065
742.213907426
738.817672441
1975.77302784
2276.10755713
2361.36774577
561.858820921
561.092904293
656.687108008
1671.35247894
664.019997224
553.17182226
558.095826551
1503.79235751
1532.7106741
1731.29553071
2213.90605875
548.195935597
546.478345046
546.910963001
547.965645993
546.720433653
1720.5207351
1482.597152
1481.18133748
1687.12462971
1708.82044912
1704.52683102
650.180810874
650.101561687
1700.14807875
892.095001924
891.842291186
1481.72879909
559.579723587
1353.96191399
1670.18974111
547.827498546
549.694835343
1860.47442566
1471.58236127
555.072459961
1387.71975346
1502.22090561
490.937785877
629.667054223
1244.21034437
1240.89719097
385.626805993
1506.91074121
1503.77407659
1510.8383038
1866.76778847
615.6079731
1506.1531422
616.032718469
1639.89989725
1757.27106942
1653.04226502
632.825930641
1662.57702519
553.516688966
1359.0218086
1678.34317179
1737.51825662
1857.73141015
1671.15044765
1656.1256653
1664.18391945
1599.02776686
548.719054244
546.734364237
544.503989138
550.031210191
551.811570911
832.3700587
1712.78822907
554.65509681
553.111161944
1693.66736061
1673.01801948
1350.43165771
1353.20837026
1356.45904489
1349.32020236
1353.18937876
1431.09215042
554.418477863
550.36430364
1366.73675659
1829.67487358
553.631157122
552.530931441
1478.98188686
1116.25270994
1393.56714113
1599.3736174
1474.59269933
1515.78431055
1666.47857801
1661.77802283
1657.31819957
1633.25736018
1485.06556514
1482.89905855
1482.40694126
1507.94693943
1481.0978
743.696912454
1484.85955649
1356.26270014
640.806870411
647.702136265
1354.02887435
1327.74203909
651.539878193
1352.05856371
1832.86857338
548.470829261
1869.44245609
552.093899331
553.202819105
553.514613557
1610.29515569
1855.2806907
1774.20425434
547.996660019
547.936346679
546.777395865
545.572726228
1478.38909302
1480.33292541
369.449501889
1749.26589302
1694.12869524
651.689883542
1691.38872071
651.616382889
1704.40148053
897.168223688
1692.996066
1477.81389981
562.377491972
1356.44212112
1652.60853825
557.328545669
549.427640964
1846.12584815
1678.4983973
1661.96627896
1533.78211101
551.110312589
570.81412396
626.147581651
620.504314829
620.083635268
1663.18007727
1877.97024876
1645.30945739
1650.91807889
1731.1674258
550.7300837
1488.66612254
543.627317137
1341.14730722
653.509280363
1395.08206675
1501.13479983
1494.63025651
1483.36251577
1352.55775438
1484.54575156
1484.51047285
1833.41813636
1672.61042117
1657.82128514
562.772350991
549.011237245
549.127914459
551.894660918
552.903713751
551.733231429
556.147634852
1658.60706531
1663.1471135
1662.28099262
1660.85892136
1638.71386036
1343.55134875
1353.27265366
1359.19637516
1351.17260644
1352.78081532
1349.05611597
1663.15036883
554.200022804
1475.8556235
1333.33144005
1440.81736328
1533.21782476
550.154557997
1662.96993176
552.132208915
1446.86452034
1486.88063783
1504.33456609
1690.20760489
624.414196163
549.580598664
3412.94734353
2406.63050749
498.47746984
1375.91823682
1483.04330378
1257.45004309
1696.12344915
740.773457928
2321.69630245
2219.77787537
747.965326785
1704.63200653
1481.42283104
1482.56645764
1481.80723251
1338.51895585
1459.71732453
1638.94276022
551.309931381
1633.5952134
2288.6414517
1320.02290543
1634.23759419
551.834696701
546.007893531
548.401399852
1478.83722624
1479.80983121
548.317285803
1479.25120421
1480.37046609
1481.64563156
1736.01989913
1701.38602917
652.461998563
648.892178079
1700.22071188
649.520124328
890.186957386
1479.6455971
1481.14636272
296.705109088
1344.3423087
1323.9571371
548.695564411
751.086140795
1483.90025594
561.585089275
1415.4928535
1856.77905567
1867.17874646
1855.86815611
2061.45585789
2063.91452681
3536.60507329
2959.03240259
2611.69529496
3006.93924489
2241.82979471
1883.08726249
619.547474225
1488.37930591
628.524231055
1670.10162971
649.610181994
1326.70795319
1333.02179358
655.852527804
660.135198933
1651.65172206
1488.82595106
1635.31634914
1873.87858605
1379.58852246
1386.86989943
1538.469965
549.17752161
549.457727998
546.109909951
1661.99967181
550.777751576
1368.84188785
557.840556941
1935.30560244
552.958550019
2389.14459063
1479.28954211
1355.28940459
1354.44810486
1357.55805163
2519.33826991
1354.2479392
2830.09602347
2483.54718471
1671.42511068
1820.02462113
1664.63952318
658.161891477
552.861963931
1474.37200416
1483.80799022
1481.05092357
1484.35053972
2198.08784937
549.370885339
546.609470167
1478.60656275
5241.5078277
4859.73099853
1515.70786505
1397.94634
2233.02086311
1819.19984119
1483.48882988
751.64143223
2224.6610026
2031.75641478
1477.84129127
1680.93579992
1668.84810216
1636.49933983
2292.05457784
2297.66037547
1377.76717617
1681.45260099
1826.00874472
1826.52152191
1480.92050798
1855.12358449
1595.3401976
1873.32723442
547.164625897
547.202504176
1480.81184846
1479.74975817
547.295501303
1531.94724201
1856.34725122
1481.61863594
1853.70237791
1707.58617469
1710.71882678
652.345755391
650.564168158
1698.93700621
651.112781503
1478.97828713
552.911698267
561.110345856
1570.89832792
1663.97736671
1470.85024857
1482.65106159
1871.22538995
1471.6097545
1459.88545024
1446.70210576
1480.97937724
555.284027633
624.497005439
625.515104406
618.582752063
631.334657676
1518.71194798
1855.28364231
1844.01390588
2302.90938949
1620.47822702
548.331922717
546.641987337
1666.92481874
656.900594136
1363.03480692
1832.17281211
1482.51555913
1468.50716567
1485.03661528
1478.97970074
1484.64328949
1855.79570943
1672.92738704
2254.85092305
556.175772371
1624.52573076
551.272023886
553.964764004
553.058763692
554.309581402
2385.6540662
2288.88872794
1593.37002099
1419.60266008
1649.73353895
1847.38918018
1327.81942673
1349.67461571
1360.65186545
1375.71097087
1354.25653804
1355.14268212
1357.02601092
1980.71492708
2229.7039436
1343.5533712
1831.10869999
552.269212329
553.015023493
1404.20753929
1474.19141293
1312.1831156
1552.03311215
551.051681796
549.832843817
368.379455195
2251.69127875
2200.26584989
2191.02743275
1477.38681354
1481.25094045
1478.7448219
1491.05499164
1693.89106301
1716.76422101
739.17320949
731.542785442
1445.7596737
745.319130579
1486.67192045
1473.23640106
1480.97975978
1352.02412773
1677.3360091
551.905907761
552.463969263
1478.4925041
1481.03637742
1479.25954534
1611.86823091
547.197482723
547.225559104
546.864528141
547.790252659
1482.68388075
1845.74674615
1357.17546027
1385.15815696
1393.81886872
2338.67321825
1694.79450528
1368.59201342
1361.44963931
1394.48642974
1334.54933035
897.374514832
1478.38799957
1958.27074167
1595.27193285
1321.18469352
652.659519907
643.335222449
1848.39691355
1485.53094062
1486.27775483
1465.91465511
1487.73885055
1482.97263142
575.16218321
1258.19528221
830.489776401
616.179944236
1975.77281524
1541.32563455
1800.40564434
1647.21421918
1658.6043944
624.840774745
1482.28832445
1886.43753164
1339.16544996
1333.02402733
1382.1474435
1474.92194453
1478.12147354
1473.97990778
1348.9861577
1629.20121387
1610.6722368
1495.7429113
1460.92590419
1317.41811134
631.169034217
552.013783838
550.725603158
1402.07158526
1442.60961218
1335.02326504
1630.96477759
1810.9872941
1396.85804456
2264.12834851
2254.48005434
2332.92994185
1346.18220355
1363.50291837
1352.65652393
1381.16038237
1353.33702791
1355.02806405
1662.18819876
1661.81687177
2220.02204904
1339.19596775
1824.79646637
552.354155299
549.650597936
1401.82196624
1390.52902925
1650.62433713
549.287287697
1775.96389037
371.228051772
2206.28112872
2215.68308151
2227.09712627
373.55743341
1479.71898362
1937.89840713
2142.71202124
1545.35750472
739.232247834
741.945046392
1489.75335207
1479.08924293
745.248323286
889.801746832
1479.59171334
1476.9966349
1484.40048816
1348.56123313
551.789901493
552.94389914
553.793642306
549.746533266
554.4528697
1673.61221534
548.463191824
551.260252719
1538.56816476
547.109407814
1481.17645378
1480.39473127
1807.02166587
1571.24520458
1380.24075435
1654.27099888
1748.93429311
1700.29400859
1650.45220499
1362.9453692
1352.88465066
1359.9654415
565.612917899
1905.478555
2218.45199283
1500.74416977
1310.94449373
650.140214194
1392.32968613
1856.44057259
1770.88923157
1449.09317439
1375.07907034
1477.67356071
1497.94212581
1361.4114108
833.678725398
617.204427902
615.03033392
1448.96481403
1721.1887028
1752.45739486
2307.98313593
1533.82301994
1319.07268103
1494.91884376
993.59078264
1313.93902493
1468.47962664
1482.88457242
1464.89255721
1297.82317205
1486.3924697
1364.90296774
1489.22913689
1653.2372819
1825.70956156
1967.98962288
559.655750672
539.430176591
2318.94756618
558.11760153
548.882770529
555.395035733
1659.28168791
1665.9947147
1670.11449074
1328.48246016
1373.85833292
1659.7522144
1602.94179964
1356.22258596
1352.85506789
1350.67581735
1365.84044818
1355.84963612
1347.25959456
1655.70352704
2227.02839043
2613.23847108
1662.98992966
553.242019535
552.293275891
1406.83476365
1323.81713118
1376.79391727
1537.0372673
1668.98100386
485.48087573
505.83517785
2628.36842029
2150.74898671
549.237906935
559.370472455
553.546966625
557.504518856
552.147290533
553.564411442
2244.0219849
554.050400241
558.977412474
558.106241291
558.418526093
549.490627944
492.297043935
2472.75864833
2507.54712437
1671.58724226
551.669526347
552.357232151
556.890739541
1478.46841102
1480.00222795
1378.43896241
552.308225246
547.636959558
546.092799007
548.180155097
547.243237506
1753.11180794
1798.13598598
1325.36743541
1485.80606195
1126.63783187
1696.55566214
1712.27507395
643.733470472
1663.52223422
633.364393068
1478.57008673
1479.67505928
1955.76500146
2257.04148316
1380.84305188
1297.39866873
1481.95003474
1502.02709725
1424.32204362
1487.62902872
1476.81414763
1382.40183959
1490.8812005
557.733193201
623.258942781
828.341364702
615.39744505
1962.69935557
1482.59695178
1867.86916732
1649.46660469
2972.44146346
1614.69258752
618.509751005
622.849557717
1343.80495007
1312.22272445
1367.8323882
1485.40651289
1478.17762588
1472.41452823
1474.6272821
1485.29399974
551.835684175
556.960686382
2356.7731805
1659.80859631
2461.42364833
1749.89697145
548.154829965
549.003907126
548.208256545
2486.83245073
2489.62159872
2502.07755662
544.284861974
1666.78115185
1663.23374382
1653.14588918
1382.97481088
1348.48220815
1353.43802131
2224.44606113
1355.52837534
1352.82747355
1942.97197046
1663.25630662
1662.20239739
1365.72816051
1311.98579192
1322.25489265
1396.71476047
1468.7831986
1468.94914325
1485.57402676
1864.02462819
2414.05935937
546.945794278
368.287024597
551.688694655
1480.55576055
1483.78143576
1529.15640689
547.541905102
1484.68619725
1652.93655506
1473.48595332
746.425009338
2676.29531643
1935.29400233
1482.01342351
2336.69517034
2307.98988331
1931.63956794
2301.33691915
1405.3938157
1708.95460845
1731.04778415
1841.94932889
1812.93919352
367.587935552
1850.69243618
1612.1787608
1865.51222843
546.20276089
546.951794869
1477.88657155
1482.25997052
1479.05523709
1479.41112242
1483.28297966
1481.19216636
1746.3164042
1695.67755451
650.456468799
652.656299015
652.242860367
1695.17843261
895.17777349
885.510610166
1477.45048828
1483.9279503
1333.36451366
1839.31302012
552.81877472
1922.69703504
1904.01119055
1531.17007609
1502.5245663
1521.22531286
1534.964312
1431.70250738
835.409976635
1400.16425824
613.817342528
614.868818849
1883.61668004
1776.44288926
2036.23437593
1914.68635745
3088.66455135
5260.64669481
1970.75996775
1969.80746151
2101.16030408
2224.65155539
2187.95852391
2179.95729438
2191.92224181
630.206099055
667.124864983
684.500998421
1487.37736622
1486.06354365
1483.58968691
746.647826531
2514.94865546
2262.47236715
2120.60669516
1888.91619946
1908.67720869
1676.47461407
1741.88210421
1681.8639016
1385.82212783
1441.94934721