412.707411517
414.039022773
411.766552085
544.060549966
436.560767245
189.10577902
186.559716652
437.615385576
435.177648459
257.026962371
440.054211477
447.478986462
178.265955302
183.960095905
428.343769386
655.650835739
658.200406651
657.199714019
657.487696988
656.841391256
655.517414421
656.82903356
658.159800688
661.803031553
437.894059345
552.928833146
191.746936965
551.177086363
435.134246993
440.510635769
608.488239383
435.512235014
213.861526396
217.517334535
217.900153037
547.789008265
436.956641852
547.269985764
438.107375998
202.192028796
198.232975132
432.730126314
654.314696666
650.850159398
651.937610746
651.161828819
651.269064215
651.233226205
651.828658022
650.048306526
657.156148175
435.680125919
552.249895083
216.618411828
216.46909748
440.224297229
439.178245283
616.217729435
611.138153123
370.980314487
369.604908786
363.294661737
614.576656028
616.210258874
389.677182135
200.070840667
207.990631758
291.80554006
558.027957184
367.07421602
366.133556921
364.010470602
552.310979435
546.066141211
548.324156776
549.760402822
185.429043881
1375.43300218
1317.76555456
241.579831721
368.588033692
371.142990963
370.876175118
368.140954885
567.107275194
409.553028698
417.91008429
412.766287998
403.083765517
410.430856077
161.280729833
193.168760926
297.562267432
336.775920508
3959.39730795
413.978150811
654.649186228
655.086843057
658.242619091
656.342797185
656.951315114
657.126819953
658.088385813
657.862810044
3940.49550308
408.880539729
416.294647629
411.458809739
412.649907778
413.983560312
415.309965152
561.3828932
188.889780808
186.859184008
190.225673384
551.354080016
550.846297315
548.928942709
167.573346542
189.308067307
190.102450314
186.688725529
436.513100857
654.396468749
655.03764049
656.936070231
657.260577195
657.525658567
656.204773722
658.508812125
195.209504518
565.906547279
183.529056103
189.991973823
188.685785898
439.066569033
554.1550953
438.780869349
558.713788532
556.1394579
214.639189857
216.944465808
549.570959004
439.043332256
549.740461495
549.688977408
164.709231397
197.360633208
3942.82464653
436.91086327
653.251443751
651.912246912
653.402997784
651.70997656
651.542336769
648.378221838
651.328094539
651.96661731
429.561163386
434.912547749
214.377930345
215.394743177
215.268194125
551.331883539
554.509626467
625.998081882
101.766800335
365.633591265
365.408952844
361.806977719
366.607049868
365.097585447
612.235836869
113.052029159
173.013579504
1834.51647789
547.775905914
366.925368256
367.556562415
368.345596607
548.947774695
544.296707714
547.336155669
549.455626439
543.172870474
623.794493483
371.683114819
368.693099953
367.990106469
371.243915752
368.898639434
369.674865479
712.302873445
561.635899307
633.897815073
1308.49560613
664.796105101
664.386238688
654.851701302
1490.5589585
164.067253264
337.0362136
170.302876707
410.465262849
656.856450969
657.154880432
655.880643269
657.935694489
656.745522741
1575.93494738
651.378323678
656.241323848
418.556777936
407.825963373
414.971145045
408.265723276
407.404279486
1823.44484476
657.157593714
554.25312824
173.721765399
194.044251329
189.636994395
551.329976315
185.981571773
547.131938622
705.735538052
1344.93082
658.294803671
638.243039014
655.397634438
656.975062091
659.811113801
658.934889226
659.386921022
647.197420591
1354.70682868
662.237534275
342.4107066
435.755285128
182.589407783
186.634602847
187.136602987
1351.90585012
549.714725878
347.742591011
559.116792082
1311.7396069
654.254752857
655.119491781
654.417522764
655.774988696
657.776499157
1313.01152907
2515.98329015
1840.0297292
650.185993311
654.070284893
652.57688712
649.342580671
571.508077794
590.312444321
392.845085451
586.663270584
1364.93658285
1367.9857355
560.330396054
827.319138828
217.658892436
218.993644692
407.25276249
407.100752165
1024.063992
641.3597095
648.953777972
655.062598779
654.518721398
656.943704423
656.094382828
656.071854562
246.218188627
657.204614182
178.703775093
616.836877971
375.184735031
370.711467335
364.220411721
362.259879474
364.188403299
4551.50759561
171.686697335
2672.16095438
169.738087312
646.266923042
367.146986832
364.948982031
368.010331583
489.280823676
490.206510639
160.695115419
2385.59348088
3959.58541349
2469.16818127
2468.77839879
560.298695477
564.929494409
1358.93128836
1204.64592945
196.074034247
193.258013846
426.560799395
655.778938896
654.85033664
659.226872043
659.327405112
657.720124645
656.172113112
632.147092043
624.36363719
617.461741589
411.261728101
413.36544163
416.174285935
553.309348405
414.19781337
550.56400389
169.806855609
182.976638268
2567.07210559
185.400026064
184.814737842
363.631687661
373.716418894
351.002130569
375.69253896
367.158850287
369.556174922
706.178393679
655.538587303
657.575137303
423.569758588
431.977369372
432.439155347
209.421359935
415.260070931
252.304990895
261.429712375
436.795162973
553.667763584
189.768840347
189.375909218
555.204715157
551.511771356
543.456494352
571.9527627
1286.76549699
1298.37153228
735.983965412
1285.6408027
1301.41433312
549.620094182
370.536162626
194.85608556
373.290892087
437.061692202
654.722159637
652.415632841
650.566139939
649.248021098
651.447295081
653.254531854
1306.36631834
653.95338671
664.15620095
434.377041572
554.081587418
216.87690534
218.305553132
555.553019629
553.87021954
158.081004253
101.00909309
371.174182026
367.477956646
365.163501547
366.726831774
362.427105651
168.025884643
150.20083557
175.439046783
4680.22546938
561.787002506
366.904991388
364.953325049
369.965274479
171.143600781
367.968616451
568.189943464
179.182601567
241.713276078
1294.72073808
667.214891577
365.012390907
367.405623752
392.511242316
566.806251907
367.56657433
695.687743148
713.806023244
561.899019132
567.325537688
563.046503845
424.034056437
417.866996379
414.133791841
196.518915797
418.761041941
3953.52643802
408.824779703
410.290690398
654.108279209
655.344451331
659.603894902
658.812524219
640.080358344
649.61983373
415.676014525
1358.71489933
637.733204865
411.518941056
415.008635779
555.451251805
411.6329641
414.432985478
560.073355663
186.580678682
422.351433136
189.362694363
554.396819865
419.281060641
414.302693092
415.756645722
2472.1220755
196.069922313
194.722428203
649.821847436
652.939762976
652.813734528
659.023497958
658.221282445
656.845255273
655.21780913
419.905119873
2675.31110385
2445.87368753
431.646284592
2678.16156693
411.001774335
2661.5257438
421.103650916
550.603606673
558.648278296
720.57075867
720.307381406
214.871860842
211.50545706
210.407221423
557.739142322
2679.80224588
2432.23870959
402.915097795
633.135271385
642.008384888
653.903186981
651.784297246
653.194956795
650.350643656
649.320954823
369.545821913
2760.82041496
364.463766569
566.468605428
433.787703528
215.864964367
218.235934954
578.685163886
577.388262484
1486.30184613
648.153518572
650.999304363
653.60644069
656.414778706
1449.13496811
1450.4196896
1454.06824421
630.733723887
617.536698622
631.861448054
622.589485942
612.458378207
367.205269939
372.495973584
566.094105608
1642.75447874
1638.9505701
1360.88640618
177.538822564
654.905845255
591.185975398
369.826188504
367.372003805
371.164088975
1488.45225162
2646.35519527
643.174175166
704.83583076
407.940451263
412.517062481
414.54861831
1943.27304059
1839.46527055
162.746516601
5113.24274128
4739.86323881
5303.2836668
4663.02970298
651.007157433
656.553869959
656.25947799
655.988530932
658.058839225
657.080522843
657.131451729
656.922139828
656.815403424
559.138582338
637.018017255
409.68650492
413.764206456
415.560971127
418.227300396
404.695441213
560.653638052
559.222636794
557.4894015
4259.66502976
561.632731494
778.878433262
369.012169394
733.677440129
191.811494705
3356.51845687
949.302662222
654.62719052
656.479850638
657.64438131
657.323165808
657.883986059
1409.80769717
577.797174891
1111.11127974
1105.58078463
437.175862491
436.132018477
186.552474631
189.670084532
557.549625763
553.58576935
4132.94017516
440.242227925
553.413921753
2387.90790611
2422.23787952
199.046520313
3888.08561516
3896.56290532
373.067619574
374.187457678
368.149867393
174.02285491
653.619973651
653.081832073
649.80620695
653.321183115
721.925835067
732.08542141
1319.92014263
650.708434594
650.147142901
437.647892901
435.255741347
216.74350006
219.378068072
556.373619921
556.266158455
553.065460121
621.660595693
365.763001478
363.842241942
366.138781395
363.309923226
364.642673038
209.507775072
623.210600881
1349.35562052
1241.8621625
565.064098746
661.1722085
367.942227112
368.928966992
2394.28844814
361.550586825
2381.69020048
407.183954348
283.030521465
420.621122615
3953.1040765
1492.07988889
563.668394339
2381.56416944
371.197775626
369.926080072
367.806631729
410.668546939
552.505730729
3758.30225667
3758.43209174
2380.54865385
2391.54397064
2436.44900097
270.759115279
418.407976482
414.580143702
422.731121065
655.566949349
656.639500041
657.738018232
658.595711949
658.266621731
553.693804351
837.573346961
839.288031831
410.670674163
413.262417025
411.279638683
605.716685751
629.863636716
634.234944098
554.229640859
702.420946186
182.076664654
554.570426798
186.689878074
437.886120707
170.205953144
5852.41025238
6320.80688938
562.416108148
558.989409034
405.730421406
712.527414095
425.600720825
657.883718123
657.782760044
657.69313469
644.463419801
708.816588067
562.880987132
546.823666043
553.740547855
438.45897793
552.144070601
190.659764721
554.266742873
552.486855013
552.250465772
547.411352497
433.046163793
205.625017317
220.787465041
217.430071722
564.527492134
562.011281621
554.209764684
557.691339022
362.612516382
412.790241035
645.039937585
654.160394418
651.924244194
650.982841316
650.282591129
2388.89132792
651.053908723
183.137932508
186.618977397
186.22415724
437.403726975
203.693714586
218.748029407
215.212677609
215.046335352
435.214906758
172.403272786
653.906861545
656.71845826
657.388075093
659.005389287
657.06790241
655.634584924
4152.92563792
2382.18088956
1307.21733761
165.967862783
628.407298144
359.928553559
368.146720367
591.323116571
1418.60946353
1236.824449
620.607095747
381.183220572
369.915592281
379.573487926
361.739804149
1313.78484806
663.445434134
709.835372811
555.845668979
553.848748269
581.327005687
406.814478236
416.385490093
413.215614252
2391.04823302
553.765706401
417.870304647
2492.26686294
415.956561109
412.632344049
1837.13068586
647.896876266
655.768447932
656.119616683
656.895612969
656.739010901
1247.40565849
655.176496076
194.964823736
378.969702164
185.497084633
410.554406227
553.875484569
564.167829425
415.192746173
635.053216434
630.829815623
561.353791576
191.759709611
565.146845598
187.67497845
2457.06979316
174.356050287
170.056587411
173.715308347
1328.2931354
656.234650645
1492.1259207
650.929572338
654.417460588
655.431272234
657.22993779
657.125626658
2332.25513649
659.029502032
657.88215522
656.826634417
583.967921083
434.988421398
551.733900868
185.020827916
552.737938212
552.823864014
551.139203771
559.299004251
649.987206545
169.913174212
216.911708561
553.664185608
2390.05230824
2397.83782228
368.601652576
2394.33465642
366.924429971
2444.82482853
647.585791476
653.387764364
651.056537652
411.699486688
651.380942197
649.904158605
370.334547891
367.126983148
371.964551416
373.162121704
436.974643927
551.816345218
2456.06159444
2380.32235237
552.942735127
552.803094846
623.456873104
565.252921707
364.35595336
366.977905769
359.059124581
364.232077989
308.399523365
1316.66588458
1322.10252015
651.382555136
1638.70630034
554.559774518
365.321129518
366.275949967
368.685107788
2384.8674682
2493.57986102
5836.26943458
6374.64540604
6842.46293399
606.892810211
417.543955198
365.015546885
365.381421896
368.471633706
365.799193044
367.375946975
556.485382273
553.977800264
416.033340264
560.920889581
552.896819992
557.769867629
562.068318451
559.954516024
552.03440878
417.24193723
3940.27835989
410.02525397
656.974192945
655.329562331
558.371650869
554.03476874
656.961165752
658.071996116
6644.68713336
5287.50774113
416.784104874
408.600926991
413.445702294
410.968712286
405.889846757
553.543823005
6626.63766723
549.529872234
557.006128679
553.329316126
553.987688761
554.587664225
189.788726443
3902.77567851
6591.19914048
379.673356366
2387.97011618
396.353291231
653.282098551
656.580660154
658.173044786
654.222855499
655.314629396
655.091116948
1504.01298015
370.484075045
722.549475154
559.864700169
187.294446107
186.053770076
189.77478249
553.969432026
552.208288557
556.442488676
558.048374833
730.587898228
554.96507764
217.695417958
393.792057438
563.489922391
747.22988547
737.705048243
734.372319432
377.495884167
835.513648563
650.346292415
654.488075708
654.889507734
651.951151716
370.047662822
369.933930571
366.365745508
6122.13561721
6136.45539771
555.229004324
434.363708207
655.272263863
217.459549907
660.277851524
657.87265266
439.772102643
648.005518263
655.118650823
655.629613287
657.301792141
657.663979276
657.449501096
648.985372539
655.282832852
654.477312824
655.161979716
652.335899437
643.775221156
365.010224368
366.873001505
819.369817464
627.570252329
402.681120693
376.365833847
375.759468099
374.524056671
368.548988204
1314.29061215
654.753541635
711.790577669
729.280426627
491.159475476
362.234285225
403.614986483
415.188370233
2382.26261914
410.74203478
2382.18501132
406.474569386
575.066493246
179.059595896
415.900975183
195.01056154
641.08135106
655.49514305
656.537509964
658.379100971
671.619085347
437.610499809
408.124774819
426.500614715
365.651759652
368.480023856
372.266531805
558.623278945
405.78056546
842.230756001
836.849714293
832.352767061
831.991588546
428.716178403
568.465654969
719.810481797
696.960222261
336.006629709
329.726008388
1316.27318762
1349.16747925
1311.92849042
664.753601901
663.738613856
657.882677617
658.68397608
658.058674902
563.795125027
658.112448011
657.341563737
655.100118116
287.558504945
2554.38132465
437.527913568
560.266418557
191.689462154
431.097105158
552.223796443
554.147826751
424.185207494
988.565293704
973.434406561
433.815751559
419.514102947
368.636662876
371.935994811
369.094991378
365.840625671
1834.58604098
797.362726326
826.818379125
855.29911057
816.044572411
813.135027365
622.274865697
728.096526918
718.716612402
1313.29850024
652.946422833
311.323712324
1315.09691525
1322.9674458
645.157085522
638.369706849
633.782363333
559.887322591
279.288754587
417.326810549
281.114214355
2389.69976112
568.348017948
2382.06492592
279.371631908
708.881719364
236.742065331
213.733077156
1941.30535463
1937.70744518
210.784079673
2379.57239877
211.657842381
113.166899676
230.403140108
244.275817004
360.888260699
256.434841052
248.305875399
243.337616698
247.781567499
259.759135834
282.597487709
4248.99386161
143.417103239
707.517827384
410.504971009
553.048458532
554.356738058
414.405200916
552.241787455
552.630288081
555.039863663
551.064587408
420.248725612
1834.47666124
414.414643674
655.491647406
655.929133742
659.220431899
657.250031763
657.344302056
657.214554776
656.448202857
657.731210607
654.42583251
410.086217434
1333.84382581
553.532365763
369.076541312
370.624114439
372.678410578
372.948609676
185.729845971
572.666281264
627.795253554
629.932942414
1248.48648829
1249.2663486
389.989590275
384.260254671
388.025702549
348.870154962
646.321905749
656.189742941
654.892831756
656.957007973
183.356209785
2255.88128641
2377.39153656
198.843855572
346.557933273
648.630760631
653.374821751
651.902898984
715.398017836
552.699021504
1312.61066216
361.219125628
560.648080638
370.253536894
373.313730707
370.387772697
212.54332056
1040.16717349
1621.42821711
1046.93832905
1048.86217116
2568.2454475
2490.92481172
647.838102862
652.865608456
651.033433094
653.060058123
650.468718266
650.31333091
650.372348337
649.399379123
946.944057485
176.018549521
429.698755734
438.71207641
217.209119053
566.026666795
953.589024387
1035.22341167
642.956011537
655.75944933
367.536278813
955.466855971
1247.12095525
413.539115173
390.06105515
567.209587924
717.193382634
393.307678076
402.320596347
620.421706679
362.591743066
362.268360625
651.041271622
644.874506423
657.390293543
655.921285061
319.986326709
325.703027021
167.639847572
654.055846865
709.541500457
560.645462681
723.704172098
728.497897921
366.747777088
556.564451353
408.837625463
415.345569527
416.098580455
412.54513028
413.471162761
417.010113683
548.496410003
167.204117199
419.059954954
3939.65181667
650.401209111
656.396458714
655.728847276
655.516834876
658.968507036
656.635054292
654.144280772
660.188696943
651.183207599
710.017751511
649.057814153
416.757482619
558.414955766
1309.8945859
1101.96644089
712.527259539
556.545434008
559.299956768
587.425499421
624.867571236
835.586682238
838.181222517
823.508791693
828.291631065
365.217150511
277.476681618
2379.86302531
653.614099143
656.608391332
656.727104992
1351.02758562
640.656784726
650.239590358
654.532725136
657.386864597
654.11856579
648.204610726
659.356693515
708.491230254
553.993729984
365.927456254
369.502485836
367.787880908
556.166034502
1846.21446839
372.037358392
216.576487168
361.577428325
372.667738755
372.964581183
364.193078101
197.338371749
183.164896335
2323.81322757
653.766042389
653.014996255
650.207420795
651.27798045
651.980628974
651.769285765
650.095559504
650.481341581
651.931365086
437.732106377
652.60812511
661.382857923
212.56294474
560.081541409
551.741078932
2387.22140089
554.041834246
366.992535808
590.32286085
628.234783799
834.941926325
1246.17304351
834.580457554
377.091880667
370.988397911
187.524348868
343.441612732
651.846433163
366.365746037
362.070119943
1345.75513231
657.515791249
713.611024168
1299.21672534
1493.96750869
1485.07838432
556.445312851
1486.39939466
1483.95084129
734.011796926
359.297115251
417.833910676
410.463409527
411.827517765
555.511404771
551.356421
552.895131596
552.312159243
553.163853046
553.610429742
550.983185658
160.431943371
406.605232923
640.420588447
655.574621821
655.79369451
659.229396023
657.599777611
656.679811754
665.954863809
394.891856341
188.502801822
195.024390967
710.755215262
718.384111149
734.549503465
733.667028095
408.88989704
554.50022287
388.531768572
182.057785083
570.729607354
829.757854953
837.743488997
2395.55774521
3883.71336896
2396.41033338
490.59469549
483.572097366
427.821675101
1256.91335637
651.35459024
654.696523187
655.761090932
658.840287948
657.457600127
364.678019911
175.052067956
164.653828363
167.91954667
440.400905898
653.936457893
654.457123877
658.373260316
661.425602777
662.054182494
656.801017932
661.408023004
551.391464148
214.497787994
363.727513798
373.226781939
369.408432753
536.960076807
186.647041691
153.878554692
365.462908888
643.659130368
654.637050326
652.567310298
651.010946428
649.538975021
651.581725326
653.738404767
651.40427215
656.262393471
303.198528896
436.449044149
650.047114511
661.610648726
563.037503663
1488.60377394
734.489693276
166.647996808
654.123588611
657.537973402
648.710335976
403.037980129
654.709807005
381.314573033
3951.47161781
372.663650336
373.868728189
369.591941021
625.985886465
612.937007404
367.278606203
312.444639495
1668.75451089
658.02266878
662.365272613
667.214967728
653.216383873
653.562904455
1332.83306673
655.852206714
723.442266256
724.794958182
365.70595989
361.317527701
580.064570446
412.140471129
306.43189876
408.262943127
416.193171365
412.332439384
418.219583128
426.687945433
424.140873877
555.695557352
2391.4240339
647.097693709
655.950030236
655.667123048
658.255101362
657.77129173
656.594270134
417.517811102
404.717543188
5343.98858702
318.163476859
2388.11887308
657.097225214
660.171591855
555.887727786
1484.19069566
1480.61507217
163.196660461
187.664338811
394.037851095
189.037754916
432.063187244
420.56093353
622.061119962
570.939225985
293.790884127
570.625979128
647.046956405
655.316893378
655.456000999
663.257421129
662.155592459
329.071614568
167.57412243
163.105468572
310.752856687
323.789264103
182.78534059
655.264547256
184.755039083
365.260509687
369.930038533
368.289895773
558.376041545
380.199288958
436.574303127
219.092917443
215.228998993
207.871777229
438.299471031
438.440715385
166.664611624
554.983154208
3935.30602022
647.2571673
653.552782155
651.622457879
653.140105853
651.401497351
651.657458853
652.772520554
649.61995945
657.190823087
1422.76502804
435.711383843
645.965907162
221.827213934
558.260357441
721.834007712
372.671641252
370.451755877
560.174316948
373.943300432
626.82788893
625.183386864
1239.67425404
621.113792176
380.71587174
368.890062296
374.51194012
368.009780673
555.308398121
652.415883144
368.165760202
671.36622689
665.759509768
653.101981292
714.177948622
732.579704303
1109.19206314
1112.17620237
559.041251765
1113.73158165
718.51403036
366.552230781
427.694691372
403.26445624
2381.89362736
411.242351161
414.540074065
726.692821086
411.774076222
552.322327873
418.347030872
1112.68081587
835.875648121
836.558275848
838.025293428
419.78203768
853.807144082
838.848457841
631.443242411
654.269004238
653.903173278
649.488678581
650.161303166
638.204694447
656.923930389
660.160597419
1316.42010295
1322.94662386
653.673273284
1310.50414973
651.513106567
658.627682949
199.895054773
370.055111628
176.904084589
375.6129704
373.037866522
369.663413607
371.350140805
373.316348823
371.652068622
1491.58795878
723.499511212
655.582233329
656.668360296
655.337150963
372.885952455
364.442093754
415.880891108
1233.13555999
1231.27136568
1254.85360156
832.538784063
401.912034106
427.661599845
842.82054961
841.282652473
440.670819151
435.985473912
435.289941448
222.837525004
214.749906263
436.841753875
223.628257587
169.466957121
437.361513552
433.528137635
841.556394783
2326.66822332
654.884951518
652.806524677
649.503808435
651.991758895
651.224613764
653.859398048
645.934712094
709.38718797
1353.15385354
713.131140352
434.224508712
650.102779048
219.461341679
377.536384806
183.88605858
372.164117021
2382.20584199
652.626247425
650.853358488
1249.27452109
409.534346599
1240.23736016
831.435915414
183.320775766
374.837488473
366.253308751
2323.20766836
375.258738266
647.076441142
614.969293312
647.695974712
641.034793791
651.747820486
719.978007127
554.842941701
551.686792653
720.88190959
558.767542971
362.431052065
367.886690402
373.511504913
394.913017957
384.851027922
2371.26962979
403.168160557
412.204816922
414.287531135
392.092262188
423.208928673
408.034011911
1109.95154096
1391.07994627
1373.0754933
837.445380982
840.317405295
656.162585857
850.801018725
641.762456133
654.145915952
651.276518983
778.383315793
772.757042784
652.047943645
1546.84566004
1535.60661878
1521.71411678
1533.79981554
654.795753837
1479.13850686
655.593971547
658.508564506
488.548486685
711.914918885
714.770645862
728.409303623
365.165466372
369.491275455
373.852547937
373.233714547
368.300939186
169.442433064
652.378598794
368.342113917
659.260554886
1492.04481107
375.226910022
380.812453069
423.600614489
408.439274883
1237.36892637
1249.2413592
829.559994978
422.453904274
838.803051104
837.766890701
416.121081834
429.867342381
446.207975662
431.074250042
434.432432418
218.631551059
428.974499619
439.507606055
163.962799139
442.452808325
838.716742589
451.13630013
160.977345554
653.287733757
652.709714322
651.101685007
651.008192068
438.485408309
649.689361187
569.975837961
567.80560394
1408.81253309
646.482962799
778.821167886
772.226042059
761.557374013
1546.83987518
1533.85340684
1524.91675261
1538.00676746
559.767783596
405.205765369
628.647684045
1239.66602766
1234.03636408
393.942619279
185.381909904
354.084429195
372.842848346
168.372823682
1319.9911973
194.153226938
365.065986526
652.611575706
667.766811227
647.799505701
723.984366463
1111.68056383
1486.77836984
1319.62191579
1484.49381287
481.427022717
477.755889446
477.447040542
484.418190419
486.538673641
472.765516529
478.94215756
409.877698402
411.532031836
412.3941618
548.834641205
424.343532611
1401.23704963
1393.84210928
556.84310954
836.295928088
655.887753707
1352.17660122
835.068403999
652.313224556
654.564670586
650.183248425
653.803525136
652.89013963
653.785120892
3782.89109344
408.734528785
1319.78119915
653.13941885
656.967627783
649.760049632
657.741975477
177.725011664
708.978824958
359.619284753
368.323468538
724.143685425
367.764620734
371.821637216
551.724606672
371.329884382
1496.50410955
1499.31602231
655.31132812
188.822562307
656.281689697
653.5201802
377.345305088
375.399767159
425.072584531
411.607563334
1249.70971029
1255.71817231
846.3898628
433.120285938
834.141710742
842.636391345
435.688191026
168.768170965
439.038676768
429.287849842
218.680159573
219.563490917
171.432798223
433.467568028
432.221000964
436.804159625
438.308080191
3942.23258209
649.424263889
651.644310738
650.10855806
652.294925
651.701382466
650.720981566
653.389128946
569.684738228
566.65925608
1284.7039305
434.445069333
653.469762466
211.940268766
215.531719283
373.635763271
370.024220642
362.276823105
560.377162354
662.894932843
831.053359906
620.92488575
1239.19430583
832.879256476
389.232297608
371.006028086
366.434518231
391.847309593
2384.1758319
1244.71684778
368.344219356
369.269367754
653.571098982
976.463274745
702.607641198
714.857298859
717.559840856
724.011254575
3761.8571828
1110.64111115
369.250037795
362.522687215
398.211559319
369.874710133
2387.99621179
400.840783102
400.250120922
560.884646148
416.074488893
416.959835899
424.238199537
420.975828815
555.745420812
2393.55982186
410.12715007
417.926650127
656.281151533
656.13246813
411.200274212
410.440578195
657.765348706
658.439567502
4676.74533962
413.872861162
1353.99556887
1294.68020116
657.542803556
662.378706319
724.760935967
729.229086853
1483.14540464
367.567635167
203.611028578
417.239767659
370.139772485
371.02500637
370.289941262
9462.61994829
638.50991305
570.200708473
886.160374899
3717.71584897
651.81699292
655.089713221
658.652473597
661.745707108
729.283779513
649.878040651
161.61716477
329.142364804
319.566214736
1364.57819445
1345.11668498
1714.8611421
728.215091757
552.595998502
364.012605304
370.611687232
369.925946571
375.678245569
187.110718456
443.118373069
437.826670373
175.383372014
162.378867641
439.582954277
433.571610223
432.374963722
2325.21361118
653.529244147
651.916021874
650.225466805
651.530168179
438.929341015
652.409890117
650.270759192
652.333710048
648.608175204
1319.23674183
436.283896615
354.234724376
551.326589522
365.917275906
373.586289145
370.09171959
369.761726739
1489.51606933
369.062497423
634.229285686
836.367407089
1252.27342058
833.925866617
360.420825892
365.202746839
356.489966538
3785.06060456
367.748780036
363.82210683
341.16678932
3766.08769937
648.362837322
359.695679031
3789.92579551
374.625076687
325.391509708
645.453940142
1314.32423358
709.192258944
560.839066506
712.904414574
727.444702913
177.788919918
411.168339821
416.064755639
556.730375471
415.308065377
319.796215635
2634.56473001
2453.35856761
553.411852488
331.346819432
3840.31733094
425.274795152
656.494251488
655.411993579
657.761769827
657.353770799
657.320066077
658.533238992
166.695053169
163.369875102
165.059094688
413.598481475
411.096781309
413.235360577
553.702262879
413.283735998
553.775285427
413.154024215
180.725782921
553.053414105
182.496743257
1321.06277346
169.271027788
171.912982869
2332.60141629
2381.63109417
343.974261836
167.708499504
639.512880876
656.349110277
656.919013547
657.868254026
658.463512978
657.529425864
657.831359201
654.653637214
337.047885265
338.734318601
438.201318207
548.39641101
186.575274147
485.676992873
654.689663391
165.701104658
166.101267398
434.605259848
1649.70022324
653.055031053
1167.80757319
838.868404927
213.851258806
640.542803962
826.566952085
833.260867304
1002.12588043
636.045474864
655.175475506
652.766778316
647.870708319
586.549628758
653.048905003
650.679011259
582.43814913
575.151807834
594.150958595
434.592838335
602.739757269
216.424370582
217.989682378
556.215724133
568.619427773
567.294412219
651.661366458
656.182855818
657.516610247
657.199053391
657.18233772
655.866613243
658.938843057
657.952444784
656.131486217
4683.38279694
627.081691817
366.870003156
367.846557321
365.36272478
360.899813073
360.442365757
564.247131278
371.086970595
361.946598176
309.200142266
398.696286678
400.730500358
407.775723583
629.673994678
406.834274005
430.667447829
1722.52788334
2396.13598971
2382.38039046
401.568739291
2394.54931088
2426.03686798
378.481574604
2610.66676423
371.104451342
396.370277782
375.631850081
403.881307999
655.942670551
656.371484107
660.161569397
658.024006307
657.688242875
656.497802033
2623.41225052
188.912185776
407.358809373
559.167045675
548.048401498
412.157348805
563.545239435
556.396330807
555.160027681
547.463810685
185.996069435
437.107617133
187.602717714
2442.18059029
179.823848256
189.37401458
566.471293493
2449.19374359
2385.92229823
2397.14429166
648.955908554
655.417454154
654.796293248
657.00618412
657.803391856
656.844202595
658.563973812
561.003098112
360.646567522
379.782678074
434.791736756
188.666274468
186.004322996
183.32238101
361.731359449
361.521316753
557.573051151
567.749384542
1645.99199372
1642.87657412
558.843390962
555.344420833
551.412617121
175.068142597
559.153474444
2561.58870248
733.139496389
647.657844689
652.953297653
651.048234422
653.164273732
650.515734826
650.544521684
179.192343305
636.020864654
642.367540193
3945.30772662
435.307765788
551.46654328
218.338832437
219.154439753
1500.57443728
656.622608788
2481.79083728
2507.7049867
171.346758278
492.987658167
557.724797197
278.187364465
118.198214954
178.666404526
208.209570197
183.307057148
495.030584556
194.241382039
197.856328378
172.645238862
171.849286996
3769.17252778
411.720936919
198.542306882
175.985242956
191.476969419
420.421539636
411.775650452
566.594002593
190.255524029
637.484486841
649.345705945
771.635244719
1011.97923309
1005.7074868
1000.58610733
555.899319844
786.329879263
570.075973044
748.652189518
562.658173801
276.715573394
272.790219458
561.936110585
410.170446428
842.146515372
655.890612398
656.89252729
566.016453963
657.877882176
658.147529923
1564.06038304
184.057047397
419.433511276
408.116570132
412.654158562
411.190857024
407.596370474
553.036596543
555.25912876
167.009595723
434.68261989
436.819519951
191.429232204
433.704078303
185.550959242
367.125505345
181.477806805
179.043296262
5948.716353
636.71594972
656.392006127
656.874126688
727.647919009
560.056923392
1111.79697496
1103.63356966
554.808022325
368.140834961
176.11102626
561.908243485
189.232129467
718.077228503
188.370491887
564.175806551
555.233552917
554.761053552
557.939601196
550.601393207
226.726760759
212.716226017
565.84823037
185.534559509
188.34364828
2670.37405419
2396.7986706
371.213856548
2382.36205309
652.528135833
653.134095643
650.774956096
652.204958563
651.817067755
651.889745823
372.895441314
367.112726498
370.572621161
567.696842558
429.282565998
210.912857456
220.547113331
561.729049141
569.231968436
404.892231118
647.346961272
655.107896087
654.702358402
655.961338091
657.714664747
657.945345198
659.486953846
659.148001453
655.679359243
171.950829775
619.129220467
616.584625154
366.932796648
366.719993588
363.6569725
366.0701387
373.38071526
4502.53349173
425.384752423
152.316187165
302.980077427
2393.07546666
364.931496836
365.994506009
363.383165652
2377.8105946
2383.55022641
557.770542282
416.805723355
418.271650963
415.329276441
639.294544127
166.045239019
4406.85521323
655.850241379
4277.02547399
4431.92618656
641.983667876
653.620178037
660.697465061
657.310060566
657.247874159
657.754998769
659.731531675
421.107775301
412.504143418
416.439685853
412.397390264
412.761959415
415.567610131
412.776101007
414.974552676
553.364248422
2673.39216997
180.330486742
171.445280815
188.147176147
440.095484565
436.457747912
167.155816527
161.505039674
161.622803859
177.200653881
560.286862231
644.366843941
655.877725511
658.338315566
659.401520459
657.254573779
657.64296056
655.942266711
2564.25372723
190.567852964
658.654883593
439.115969435
634.286005552
191.173012686
186.12415056
422.701395869
423.973034637
547.276628743
563.076623729
1483.2059807
215.72038502
222.112092891
564.948631316
1321.3480882
2390.24612074
564.152613818
370.136770046
189.430884687
641.736740052
654.307373382
652.90698003
651.388351864
558.462012836
2395.83426036
2390.69357005
368.171401575
2381.40635476
314.854772096
438.49499489
551.436884765
219.564676288
218.239187919
1351.837201
652.864827908
654.754937443
613.34729323
617.568677597
365.975287056
365.774774069
364.79834817
2526.29902566
207.325634453
104.741719061
103.504657327
416.710056908
561.283509379
368.47363462
367.579521441
366.154415536
373.043527016
2380.69884616
383.431609681
422.042243401
424.130943832
414.604875841
566.619800502
700.676412528
367.250978778
568.390188653
372.358643114
370.970856209
703.860761634
414.186320751
414.689749234
3761.95681215
2369.43155439
2383.48176538
411.608530892
3779.11293345
422.239096222
2375.25845869
421.761367908
416.449066077
656.407353671
656.214282818
658.476910763
658.21759249
655.693703399
417.185559695
837.44195207
837.482856954
410.973684494
412.818443037
415.984605937
2454.71691057
1238.41363472
628.715182011
552.060352106
158.206060981
187.918544757
140.341664838
186.616008071
435.876965356
6648.76195239
6125.82335439
6329.75023168
557.989108879
567.016783179
418.997280412
643.151117422
421.728464096
655.604045509
657.143993476
657.000610715
650.528468074
712.436619142
561.41331033
557.641767346
554.517753235
184.265933853
1289.48950673
187.053689145
555.403266572
553.551671359
552.616091766
554.46196009
436.184389941
216.357489811
214.240313897
175.805155153
563.844263486
559.249809283
552.945176201
556.769983329
550.349135877
418.739841062
434.461021964
653.393969283
650.837121176
652.316203049
652.123053659
2387.06888097
367.514882974
184.830626479
185.071564353
192.598006344
434.047721932
212.166952635
217.23225825
214.395116229
215.484490796
206.376019356
637.624190792
656.283388616
655.450893812
656.269709751
657.120556945
658.182918491
5904.47553229
4271.82621222
1322.73713621
166.420035668
165.531805058
621.858559283
370.27384186
364.92383027
606.779888112
825.166002367
617.844756931
571.622198775
376.009758284
370.915028233
609.580591518
1483.52105107
1318.04423569
704.951310999
2575.70110686
558.401688709
174.978477547
564.435917847
413.166611757
416.997688418
417.064721302
2384.90291472
2765.91682652
419.997190353
1932.9269309
415.344134603
414.310284588
4689.86644609
648.17666735
655.926632581
655.86533859
654.550485782
740.324138837
1235.89881046
418.849199414
193.062283806
188.236486739
189.684173477
411.416954326
414.769705632
565.850533226
416.807378722
631.284179072
833.371410491
555.018535848
578.392064078
566.568559635
197.57895572
1343.25805866
176.813202084
165.134572374
168.947707298
1317.9342854
654.205460334
1488.2866352
651.10542166
656.455315498
657.462456267
655.479507239
658.785168415
2337.40436985
656.679991762
658.318079816
656.774935919
431.230689809
185.439638638
438.491174941
188.058160306
554.454184158
552.859507741
552.795155339
556.107993158
175.315135984
168.751688783
173.402208922
556.152468573
2205.05413606
2395.19473964
367.831967723
2385.97252572
2389.03501825
2440.00488636
653.675266058
652.641649148
651.067519917
402.490002154
652.104478734
360.677223055
369.328118385
374.705558997
371.960576653
435.336511138
433.927185613
218.217249955
220.080984082
2382.23233558
551.819765432
560.326411492
625.493374155
561.656602652
365.129072084
364.978305513
360.095706707
365.995311341
325.882299051
1488.40234478
1479.32366225
648.505992082
2306.74309465
171.709658432
366.541738245
367.662321884
2382.69547255
2386.50684795
164.850052699
5134.44293117
6653.45815432
6886.45481761
573.798678935
409.865264669
383.506580672
373.753956802
368.932485155
368.235497289
361.829480734
417.62732201
542.999545223
417.052196552
559.907831194
558.53175821
170.762383031
558.480336431
566.243068569
553.422480505
415.117080584
634.127996106
409.600949745
655.170875414
569.218312336
552.880693857
555.228827856
564.153001431
656.311220462
6650.9230945
6109.25567223
414.294347152
410.198171527
409.765937057
402.661135927
416.973658942
554.541864434
3989.49861909
431.556421063
550.837589552
554.87193459
407.988200989
558.417976262
182.274264098
4221.84222023
397.350833946
1840.30902699
378.554321113
373.900690075
656.18399074
656.52812046
657.286849862
656.012348683
654.200827864
655.958092684
1504.04629822
1500.68659788
369.258968334
439.507839709
185.077265489
191.046158574
185.979452763
553.164856024
551.877327181
551.886537023
570.971826052
2384.91038648
2393.01518898
222.625745114
387.329906125
561.489104732
555.271241716
718.708516059
734.879678526
367.944370254
386.510311732
657.075562707
1245.75628953
651.485490384
371.887560353
2388.03943212
369.456000158
6639.69672843
5178.30512304
6520.76659435
438.018783886
653.445369397
655.246027501
219.914760023
162.662847076
213.046978087
138.335355504
652.455856026
657.02369701
657.653396183
657.561219101
656.486069753
657.74011475
688.922011025
1670.09720037
1649.32618535
653.823244852
639.259670716
367.875301002
367.989442567
814.184736218
629.993258447
626.576809294
381.966993454
367.39376731
370.333129901
368.941366765
651.847266377
1317.21593076
654.023354245
717.760288429
730.518724396
369.507197278
357.712085817
103.718155939
410.176014018
2390.28136078
267.469138626
417.077670871
288.347863713
420.545887467
102.226254777
106.340529568
1197.47380781
414.85820909
656.576829286
658.684631939
658.07841611
1248.59195672
453.470414249
395.275833436
389.885365118
373.167651521
368.962511456
373.357735907
559.079012121
816.594764214
833.997512079
838.403214702
839.645212088
168.810547021
185.421452531
564.588811823
717.493767469
708.997150972
1318.00250807
654.072009774
165.284002496
1314.50636563
1301.19481309
652.099153139
660.469589206
653.377138118
654.041207575
658.216242106
566.896467484
278.842760398
655.354789007
659.535835022
658.070709199
2388.07230757
434.15806148
556.714048922
186.684121633
296.97299497
550.745277578
554.037401156
432.186906576
708.627366139
1239.71119446
427.187633222
424.250272943
375.805021177
372.429923903
379.507199703
375.513983769
727.608119736
405.623673643
831.313662904
836.9536393
822.030826703
435.209435921
616.737058917
713.925138383
716.514279266
1319.30130205
651.597643738
309.377181118
1318.44856212
1323.32571796
638.413428707
639.912237546
630.200672731
563.242808879
288.231843067
418.813221619
279.609753936
2388.98141833
2209.62301342
2381.76147624
299.414733842
707.859441186
229.939024251
227.433887662
209.011739395
416.549630155
420.444386258
242.437879778
200.420048905
217.958927168
185.492641842
248.952451746
366.750261531
250.139262278
246.037126465
244.4684047
251.877448313
263.186109709
3969.29341938
145.56871677
144.375200594
708.724803868
406.050268177
414.749703082
407.08351162
412.536709798
412.188566375
415.365090072
418.440722691
415.617535315
411.427370535
3936.73028954
411.881105491
655.133423597
655.456156837
655.528050104
657.728689479
656.426146305
658.044208304
413.659164308
414.5302875
407.799784504
407.89723015
654.730453562
552.900698859
370.453518212
368.970210259
370.60860054
368.798826327
183.745534761
598.498663407
625.427280929
622.920622669
1250.05335296
1256.99792537
1570.10043421
377.794934874
368.17754347
359.203789141
653.25038026
656.012321954
656.974186802
652.826104506
319.756020027
2334.46101789
2370.521063
328.048288564
355.803852547
643.03173575
652.563928819
688.812433558
555.50294466
736.027137821
739.984011978
740.999158483
556.120902873
373.683202723
366.339036892
210.734503261
553.981489693
374.88664541
373.247238045
369.923459694
744.135356965
740.798304201
2676.58485933
652.37021553
652.630820731
650.722865351
652.65161597
651.68746089
651.94075445
653.096623609
1482.3761987
358.183949337
559.64363497
438.183561524
221.855039193
219.663692851
572.887699188
364.065715732
184.264864569
644.152025219
652.094931655
368.282103269
416.816175651
1244.21395331
1239.57066432
400.342627278
566.405324129
718.554954587
718.686374426
323.367056045
621.121778287
367.400014638
368.274329076
166.420569952
647.932141882
659.2621239
658.249480722
320.805003703
324.633957599
1308.3165561
653.754272355
710.508370757
561.013459448
556.003888977
721.229047777
188.354350698
1576.14905108
414.397055669
425.964660441
413.287459063
418.236393272
418.744454884
410.305962493
408.897325789
410.197444518
413.444309815
2413.12195067
654.546675372
656.742494389
657.161723036
657.159308529
656.941821292
658.4467067
428.283760527
711.835695621
418.18127357
406.777535697
645.84520272
415.510580477
559.773433901
1115.99105423
733.019437994
1424.15219516
702.510550873
1101.43028449
610.027627251
1245.46492581
831.379706944
613.808764813
837.73810671
293.911599065
391.768098542
380.083448665
2391.97882031
656.077872734
656.676926558
653.549002931
1353.19252061
646.063092211
658.066524648
665.934907116
1330.02899134
655.785684084
654.609262317
339.640805099
711.98151302
551.180920988
195.338267806
182.992743804
4398.45865906
441.087209875
380.398023922
372.657159716
366.433365208
209.425787201
368.649065122
378.935338283
173.998545789
366.169015529
376.627486907
640.697543001
655.008285095
653.406882111
650.97155792
650.021434041
651.186107186
652.025800011
651.784028296
366.176501413
373.94362822
1318.86061989
646.594446599
653.148412273
367.073328913
368.55012238
184.76416917
184.819861687
555.201731599
1481.43674987
370.358683924
628.576751618
836.181801293
834.817289617
826.632391987
373.354887388
372.192119197
3783.05736411
370.397364776
368.602681888
364.486176043
371.002630429
1325.00002129
658.265378097
707.68934661
718.116980831
1491.26664991
1485.52427075
737.695275871
1484.12690451
1493.41109788
716.359832589
726.382082585
391.005813192
410.373619033
408.939386463
552.444543432
555.649691513
414.503522483
416.649096125
551.64320664
418.223382245
410.416691319
189.679511606
182.27338285
412.978808925
655.794769186
657.180697021
656.145364328
656.456906102
657.517328423
653.697436983
409.95974872
416.265505594
710.210026662
710.423281347
715.359918409
719.675769335
726.046336617
418.706624758
416.344335826
1506.76005656
184.33983077
596.616845005
626.67491103
840.50662838
388.462551915
3966.54369374
2385.94466216
2511.10404639
463.625137831
422.413136765
1248.83837575
653.224767242
655.169719467
661.088760505
659.829822996
377.799818962
363.775335986
171.807533059
167.199641265
171.000126643
181.110006498
656.759005744
654.677780969
661.147280671
332.418457033
324.901096309
328.362872368
657.923954364
191.543814848
220.889137128
364.815487805
374.777682828
366.173452196
374.156634972
365.621418236
370.742335787
4677.56186847
648.27811077
653.461936093
651.070305201
651.422444662
652.063102668
648.647262269
649.202779491
651.437659872
369.07533918
295.979226635
436.864810368
668.765545758
663.007843216
556.219985525
739.652168001
727.663328904
642.172905738
656.050420512
656.278576954
662.779474518
653.216114005
654.567760251
654.257946619
368.082897612
371.433358876
369.950380703
371.206692753
621.944835238
634.46035946
370.280619413
362.840347674
653.272689063
658.723892264
662.906514446
662.957413105
652.815396425
655.485485385
662.360620135
658.4197993
725.538317158
723.572298862
370.530623806
354.56955987
560.962439326
409.904720612
413.539844713
275.350187923
309.133838167
290.752499528
422.86839547
422.533258397
436.121848313
558.655763214
2388.84941116
648.843153758
655.57839928
655.293305788
654.627185565
414.473967994
656.015738153
292.318919775
413.68257621
416.527360942
648.494212073
2391.75180877
658.660259377
662.344157274
554.316354685
1483.94448503
1482.24985669
713.473079871
431.830426272
397.758534071
194.289497627
432.309179866
5260.79121618
5181.27474413
577.80573784
572.936123454
570.414341304
414.476894807
650.743213102
656.469146512
656.845123828
650.926570527
652.719296101
324.246971483
167.413324955
658.320748604
357.888001322
424.443561219
1710.98924423
647.707576978
722.831111353
735.96054939
379.183912318
185.661615207
557.482355512
374.697491509
367.300846183
215.282548394
221.113926413
1485.28100534
368.894077119
727.300777664
370.741025885
368.968191378
1848.66025378
651.656102431
652.994582411
651.19333792
653.071681561
651.449289829
653.56310291
646.340391795
372.475545983
370.000744632
565.861646375
1313.46821348
649.755672796
209.458794369
558.071606745
731.163878616
373.329910229
368.440423125
556.390097955
373.82655574
631.030120262
1246.90593196
1244.36477833
833.430101423
378.346670293
363.740270415
654.189939438
338.918885194
2291.40225338
660.475383426
367.023631835
1355.46451456
657.958930553
651.605055899
1482.20799456
732.259529074
1107.1169021
1300.8732712
1485.16270757
1114.90728655
363.787750348
372.799822327
404.926937974
385.932850925
2377.07359077
708.247229081
716.057152995
136.047202697
414.873071214
423.954619561
421.610519889
560.2795172
837.673019222
834.961080822
836.007308081
838.422414759
1348.9615024
846.843863246
646.006477112
650.977566107
652.651595381
651.162123531
650.491200976
649.977275336
1350.63863527
407.733452289
1324.1278607
652.626194021
652.945531068
1475.05844127
651.349222052
658.451888721
391.923128341
366.840290474
370.462397501
367.556494173
372.469318984
371.341528303
370.200443416
375.501337806
1491.30661593
1488.48933971
726.00491063
731.661222075
1494.29209046
1487.20736747
375.017667017
378.140181406
402.314056724
1229.73497874
1233.37918985
1250.4970951
828.983128476
421.463229307
844.46354245
841.072439489
840.808068802
435.878002858
439.404365687
432.493839798
202.987041669
218.865376251
431.203764223
440.554852872
366.696633141
438.832904199
371.680745267
368.025359082
641.671060337
653.407770468
652.770097683
651.037607722
650.0780048
650.102024921
649.295233284
653.94188893
566.180495249
1412.71574051
721.071031317
658.306471308
657.673245201
373.418194222
203.848020646
368.254550943
372.891771694
2379.64658048
187.472323541
619.536270711
1246.79462979
644.621439265
1242.66275641
410.05966739
387.77772879
369.01224387
367.172661956
2374.34080872
138.14386531
1257.26914601
638.191756032
1316.25044069
1316.40700431
975.959735216
723.545461573
726.669274158
731.914924557
1336.53905244
554.151497597
361.191618682
376.188005036
315.909839246
390.859214749
411.884785046
2372.68339816
274.825838869
414.329237989
419.696192766
826.52802427
407.314897716
409.868972324
1114.01344402
839.831990511
553.23422572
162.24159774
655.198223062
1352.35069408
843.490679739
647.629542397
656.669710172
650.035423803
653.386826526
647.446374168
655.181747983
3787.83033322
416.754448833
1318.27543615
653.850594848
651.606202439
1321.51399969
654.140601616
183.104882319
130.752691696
362.806000611
371.897111256
721.613462456
370.768690366
368.958051942
374.922791582
372.082561174
1500.79332751
2384.47104035
367.284021293
191.002946403
168.717028864
738.646649283
377.011283574
385.128876966
426.652205264
817.852899475
1246.67739916
1250.66044255
832.691867191
438.704521064
830.281696464
840.904455457
833.691367866
832.52422295
433.295634681
429.683861564
436.206328799
218.963000254
433.866311229
435.196558049
367.325660049
372.731821162
369.892128947
373.136188715
2383.95794563
651.817560554
650.190460211
651.331470223
652.27733321
650.304611285
648.375842742
569.785109661
565.425938442
1463.62754271
1320.62169299
1326.09262913
666.283469609
375.686600894
362.785435724
371.019752181
370.607667825
561.81635059
190.474786351
629.37941227
625.367572524
1234.6324083
837.289317218
389.202533086
377.977624365
365.246039838
360.324081784
2387.49626448
342.105395751
370.445976752
375.546735214
649.031936624
663.597243416
709.527229883
733.947435875
1108.69780379
1111.25607101
1112.82600161
1488.59794888
723.349012576
3795.4088289
440.56654357
386.922555921
173.168817606
431.176384077
412.831966081
407.133723432
412.596865271
409.73580354
407.567997941
1113.91128108
415.654868655
833.174707631
834.525398529
833.293685176
194.674897421
834.567876914
652.473563655
652.199520056
650.870269235
650.506289683
650.08183535
325.270372414
652.586784664
3760.36604774
1321.67286578
1331.28676317
651.691770252
654.749609969
648.939765514
660.982578306
194.1273528
365.947280773
374.889980943
365.041287223
724.153054229
369.168263281
369.385984021
370.61531778
373.421262348
371.719754356
2374.89884238
650.00456299
736.73330605
1482.48684233
727.533948678
379.554586736
412.461575808
1234.14322511
414.541822715
1254.92447041
835.065481302
555.270983034
841.356809479
841.825840714
842.939192374
445.872783763
156.905266182
207.642891695
430.818185695
420.663302129
105.068456301
440.605068687
375.514285889
373.202539465
374.000864189
438.779261309
3945.83037011
652.192667332
653.001311184
651.22299272
652.323810552
436.927780521
655.072234586
567.93767825
566.162021682
568.659063145
714.511981653
836.999572471
653.379518699
222.613781557
560.951344938
368.66215478
370.84244212
370.540184124
656.907548171
577.332177081
835.352509463
1243.20384033
1239.67031964
830.951703847
386.962941999
368.545300104
372.360472384
2321.46081594
2348.25316268
1251.02891503
364.827211232
366.775170043
651.82864903
649.168077604
693.356377098
1482.4573888
725.608750982
713.118963239
2366.93438292
1113.3061397
366.539468331
364.841298635
406.83590251
414.478633659
2378.23026948
421.380622737
832.511518274
411.519301532
560.487871212
409.616293281
428.147277515
420.243716379
410.067346374
405.549626721
292.987155178
652.533148417
1352.70193936
422.361775221
409.265309739
835.626988449
419.969469598
412.997840175
4673.37694651
434.614301182
1357.27898934
1314.04125989
655.876008255
718.294796549
1465.69081293
557.970334921
368.842031134
367.886228792
388.430166518
381.747250028
371.614976182
367.003212993
387.340204586
371.386602847
588.34042994
572.802122126
374.906254912
2327.39628328
652.000317794
734.317672248
737.361716099
652.842359985
735.879739912
733.693331945
734.269307003
330.848332814
335.098458753
1331.33952494
1353.44537825
712.101946336
736.946096474
1840.78807945
370.404053054
368.837609203
369.175439529
437.406433172
197.664337464
216.267270658
432.731985155
439.868004621
177.958852423
443.242663495
368.282342477
371.4277145
174.635357123
653.74304103
654.638155179
650.143515208
649.282443488
438.802216487
651.694543598
436.046585737
565.787959626
368.054682763
982.4028629
658.288035974
344.565258634
172.41194887
369.544908937
1483.74049811
370.822309491
372.881775412
1493.11519597
616.816177852
631.920574641
634.135262642
631.261059245
384.275636547
368.57036691
369.443269559
342.305647521
173.394777255
355.840771428
366.926348876
3788.62340369
647.746973692
372.172516309
374.762469817
367.900064815
365.993627618
358.898154562
660.246726134
646.017012433
714.857381168
561.731899078
360.80094212
544.448993926
541.425511413
312.239644417
301.331035956
341.711281529
299.20023198
304.588811215
285.637887878
703.669340992
362.668112896
408.354892216
403.364522018
1242.98433221
1254.22901706
832.993540388
1244.28318243
1244.05432831
1232.96119035
364.19718721
379.951116849
398.462381461
2439.49917102
2630.52131422
2391.49675549
2404.63035832
647.506586391
1492.666229
1331.57461929
328.620420893
2381.19447015
333.445752766
331.729031248
2400.9659348
2253.39125208
2394.21360823
365.956868618
386.580747479
363.616743618
395.06298377
2383.27600569
389.590609783
411.099003061
357.64985359
163.652644686
422.729912157
285.558283419
276.28062738
274.942167139
278.325062233
1306.01240215
1215.99337523
559.786355047
562.512121035
835.84272631
275.110292299
1343.34417497
2389.64609356
1621.39908173
261.750839275
863.33160561
1592.23302021
9946.29450619
2396.1454211
368.118420534
367.31557583
378.235589733
404.251659861
623.73022013
418.215261806
419.192678976
411.604562428
837.575612708
376.305097824
388.798022945
363.77220968
2206.76479243
365.666147129
363.533419074
364.712645705
342.469280878
1489.93023927
1486.96387149
1343.50633738
1244.43809844
327.923022338
656.542950704
377.160260031
368.484920575
2396.1693941
2395.83225717
378.160633245
654.128640504
653.80421979
2375.78350619
2365.89964655
1558.75964681
2382.01576279
292.774096801
289.266081869
297.733268679
270.812509837
414.000991479
2386.45816656
1239.98386523
1292.33731635
563.873457319
557.628366989
557.017849864
557.861340455
2332.69221781
2476.25245402
1517.44858206
1612.30940305
1558.78248234
201.618493284
1719.22636314
402.336843818
405.396066141
411.835892111
409.526507044
421.13542184
1241.99618552
1450.97522114
621.241289267
825.246286629
401.187735627
386.26573196
398.733873628
378.508419209
370.63141242
369.533062816
363.664439899
365.582617663
1353.18101265
1316.72371945
658.336078327
2385.3140716
2471.50008953
2303.18064989
2417.25142343
367.444861189
367.405974619
369.978845994
371.147761214
400.508225964
426.937364192
414.582395534
408.206268739
2338.38343361
2459.45927626
416.715946232
287.55676633
412.589962156
278.940425324
271.848457805
277.377844726
428.741716256
1338.30564843
553.599173503
551.491426717
558.794189216
541.984223857
264.732968897
2379.59424695
2473.95419087
358.405541236
1511.33812645
1561.4128898
1518.2751836
9951.22331429
411.865519629
406.400536109
412.56835093
408.562201213
416.471552998
832.943231948
415.691128493
413.172063415
1243.75211745
625.161146309
390.873112213
374.542391711
377.414438181
377.854714533
371.937217693
368.633306057
356.890288316
658.050937495
1332.22157618
1339.21781983
2380.05642515
648.748373152
494.037579675
348.551253015
366.853342983
367.335125464
371.268069129
374.311641683
330.489999416
329.128233674
327.68976648
1548.78152017
2387.20690726
334.393576267
571.317152846
270.695788142
2380.55587757
412.759256766
412.982941821
2387.20363603
4409.4624429
558.015869055
560.235378529
184.587113001
176.914846088
569.804925671
168.487701065
170.218169917
838.567791657
287.199119693
155.676537193
420.269359395
320.171619451
654.229702416
394.614245669
418.378546506
2383.89952681
623.915800063
1250.86166572
627.605633328
1247.16402193
1252.14122006
619.676011673
382.122122557
385.924455303
2179.84561321
371.640641706
2395.09486973
363.238929416
362.061280642
1319.38913688
1325.43351251
3947.53708448
100.253142407
192.422832454
335.226410973
2567.56721636
2240.34337119
2204.84359573
179.905719274
313.853452581
366.732711279
402.608598269
3783.47533614
177.059888252
184.529374538
1307.88673103
174.414951669
185.85793725
389.239363318
194.921368976
271.731117907
271.569540819
3800.66579536
562.307274057
829.342815839
633.496958105
565.346217866
845.306635264
268.709806874
2377.5552909
163.121576781
220.627967303
220.173987837
219.973051818
163.264344337
2384.85125497
658.67373511
369.382756479
374.431795666
2385.07908005
168.291399539
619.068244181
1245.16108636
1245.57114896
832.679370679
627.798237574
388.210608593
167.516172902
386.892398814
3952.49799531
374.616378882
321.898654662
319.478822689
1491.6765863
1483.65863493
666.14323303
100.095937712
177.776379249
195.157803981
184.967289874
365.951506516
372.56662212
2389.50772002
305.052109794
331.942121303
178.969350344
2378.29717731
177.038567943
184.954016167
194.422969458
193.849147147
187.280243955
185.04818546
175.3507435
271.165941699
181.1951536
1310.09685201
557.767576084
548.620749494
183.742518952
172.98081856
778.40087829
3289.64704817
2371.98524192
105.18517025
141.039396468
283.700387822
185.472448523
208.060275207
380.220494767
420.606025486
411.097067661
1235.09754918
2386.75260845
821.623095686
827.656249346
1451.04682103
833.437445238
661.080056602
826.618732277
404.177634988
2757.68808878
2775.74496223
370.101990642
369.361369751
377.61945632
1350.2658184
1320.24677304
1340.35021021
3919.17746807
176.240079856
184.034394238
185.490977412
2204.53938871
2429.5188601
373.671695422
367.380022428
413.110957442
2451.00307308
408.08867125
2393.41295174
2334.09300751
189.891738418
170.839444781
179.352836852
279.417198404
257.965412144
179.834878313
275.001102343
188.992722119
2390.22476889
2396.73556445
551.960169904
559.39923443
636.190354734
2167.64548369
2176.59833959
217.592255907
1717.53970598
1574.51618853
1019.30023333
1725.91726115
7199.63996266
404.370403876
421.383914218
411.216988988
412.609006268
421.178671483
834.961555525
413.974620219
411.347446954
1313.44959084
408.55522089
359.816928588
380.168851741
383.520036302
366.011476871
371.807700471
361.712006539
374.211457236
655.503588308
1493.84605197
651.6969704
314.184648984
426.869599557
648.468112656
2392.65135837
361.938690841
364.938598342
368.136765661
370.015945791
330.009827311
329.909849799
331.084830669
2381.83088283
2394.32903093
2497.60395513
1113.71993658
392.44162114
904.06467021
1097.82242816
1096.7971091
418.598473456
567.565665287
1450.0049894
1349.06649036
831.278995587
565.52532538
573.856239721
558.543199119
422.127885357
407.387022889
417.459089514
416.314339001
556.980372698
557.955538084
417.321094887
183.601950629
415.480036665
412.229430229
3944.1140209
415.514607356
1350.82327545
656.353315023
657.681857867
1346.21999884
837.504441878
658.258461172
412.690669409
414.951223174
1316.68042216
638.470422937
654.113690753
364.0631877
366.254774813
359.054484056
369.740681976
369.321324856
366.874336488
365.409486246
628.258638394
625.067562788
1249.5615377
1249.35818929
376.751876903
382.434714293
349.045796937
340.864079214
2379.64745173
655.831209336
744.558471107
437.463696679
731.612716838
2328.83936158
2376.38357163
566.740363964
353.739308086
1311.00433681
651.462188584
665.612224111
557.508000419
731.197916396
739.976865191
735.61847341
170.819704808
429.279978062
369.84847967
439.783896969
431.172466691
375.396668504
371.980709641
370.217303477
430.255498756
743.961642785
3956.00011305
654.320821101
653.156910409
651.806977453
652.649697084
437.979028505
650.829097503
568.525257461
432.778713957
567.556788668
1307.29693567
434.818165902
374.361133052
216.42011737
571.638328636
362.331052833
188.419800954
2385.39108679
372.549502376
191.432073664
426.533164846
1242.5818751
1234.12295195
398.179995731
567.626601357
717.612460958
1513.29470168
331.881999995
104.588801741
1251.62866798
1263.44880125
367.625732868
643.645526268
656.845618114
657.319949962
358.023485654
333.20402691
1304.82502313
652.120872265
708.503497404
561.026491429
371.271418412
728.232295697
365.167562935
3849.75205058
408.854405163
196.612407684
288.909021638
417.598722642
410.290961397
404.381044898
349.000174991
348.365022856
529.406388627
524.046769397
654.110456606
1351.89690507
1350.06049645
658.041324125
661.311350324
660.677771057
427.079981511
418.257471907
412.889580807
1358.43734287
645.186995909
412.587393925
558.313937764
1114.06719134
735.194283283
1288.36338542
157.512672029
555.931474888
375.526605014
1246.42008045
832.813216297
1242.09529245
830.651322132
371.815120991
372.409908344
372.806488426
374.705055828
651.721244226
736.085986809
741.451361786
1351.97378445
640.788329008
650.515090525
656.801081334
1326.49544309
656.250314914
659.421541207
350.826167479
707.719021109
735.100241123
371.075088019
370.248428285
4689.35966795
2379.03968577
436.954903853
371.122012537
217.564324874
213.579008357
439.312441313
104.621200293
447.627539198
364.90272302
371.999744793
182.361391792
653.785102196
651.430275398
650.488790271
650.232947342
439.956224264
653.130077226
436.794620862
564.041134947
374.472879603
1332.193204
647.252384339
655.629455347
369.234986797
560.805978349
362.550145692
386.393052795
2380.22521174
637.288999887
611.588369031
628.985601625
835.781823779
836.642093665
830.160099392
374.347303142
368.611048173
337.65317656
360.812375067
366.922668294
992.305256718
365.959745959
1327.98148373
658.262562654
711.505691393
1497.17465925
1492.56570439
1484.6846135
736.405075556
1485.56485442
1490.5622741
4683.06973095
1843.35653074
394.380190073
560.582156194
413.588060075
558.596690554
837.529776597
412.677998658
412.630102113
416.665957981
418.098268628
409.965212125
413.782003272
404.31166658
2380.93126838
657.709498981
1347.99758753
659.97778962
1354.08699899
413.727335127
1356.46495243
409.315195436
648.703163941
196.319154901
3792.05985589
713.55777162
727.952648724
732.471525342
413.012581359
752.402866338
1531.88186007
2392.96426226
376.783954042
626.460145387
373.219159708
377.528933231
374.52501556
2391.40077931
1499.50096643
465.043794333
423.418503204
1251.11305417
658.326885604
740.550036293
737.197942151
735.844384893
750.769112878
735.594493068
338.207038428
165.60119157
1310.04674006
1320.45068179
655.307973365
654.078440353
665.595490689
331.101049824
326.125415684
657.698854262
430.551612825
186.660323439
361.189457323
368.660710954
376.832379783
439.403018617
172.303852366
441.99411888
155.695969317
444.642596681
2383.15366436
653.679751242
650.027574622
651.486669734
651.713912256
437.352625958
365.909612069
438.307255263
564.043402315
299.026194677
3778.95054664
669.09256472
671.773815643
559.861762749
738.702291302
729.540346765
181.811476192
1854.5767939
191.898525609
179.815238894
2075.28850735
647.363710609
3757.47154568
361.007716238
359.937412059
370.617893647
370.471391733
2389.83352809
1245.96441478
374.834151209
370.685379474
1252.58360015
657.846005406
657.448395168
665.890726497
1322.01357602
654.644209174
1315.73756345
655.659460162
726.241066994
723.477803368
369.99934123
367.05596291
566.177540525
405.870127525
368.772745965
287.885783511
556.741177859
565.53931218
420.968284415
423.980632301
435.494277605
284.418726575
2390.30765677
418.006485512
1348.15686767
1355.3579453
399.137825606
414.706408983
838.829592901
661.080781129
410.922512832
417.001360279
1357.87064522
3764.6652161
659.869433677
662.042767271
555.773634894
1484.77119226
1483.58916527
2390.50591791
367.652235313
361.186098168
368.073173977
370.030489499
375.108521968
5176.94816801
579.684942088
569.385943817
371.147699914
365.298559086
647.660065103
734.250532132
745.227471029
737.258488909
731.561110772
744.598096248
168.352786728
328.590416142
313.305926707
1313.38659348
1714.9916498
646.229674634
1840.54039765
733.503561584
729.088470099
371.052619335
717.001325885
189.117987901
440.064942493
442.793582554
214.20605911
436.225356474
436.956230676
439.259394675
371.944830934
366.054484936
3957.83763148
651.07955771
653.583670737
651.301587955
654.16453214
436.338502015
378.975093707
428.486111885
372.724651757
370.527355363
864.98789934
647.40902438
644.85468051
358.113357202
373.924579418
375.862363457
1441.65301271
163.828415452
1486.50864549
566.344419126
629.69674954
1249.1568161
1243.16167278
839.363020697
381.551150696
371.2458457
727.297621656
351.05106385
2363.93261857
344.111736039
369.975163787
1350.5549404
652.640436834
652.403174875
3792.24878163
734.667578096
370.711347947
1485.15570005
1481.58654383
1488.28521336
727.098933767
3775.86748084
412.23963702
356.70884675
559.303883745
416.728918932
552.45183372
550.942203146
555.328627396
2392.70204305
564.23222251
558.85708242
408.490506086
413.741275421
434.43229503
417.080655275
1354.96174852
661.068151678
1321.9430991
410.204363477
410.126873601
400.933260386
413.65788604
2199.90123068
1310.15126806
404.247784562
410.400385445
403.244975091
417.486915519
411.552148004
415.777924184
166.030112744
559.185924502
371.48046287
369.36946083
366.926983671
375.149437115
372.927201604
372.425190691
370.843106439
369.356529507
376.661848077
654.550189146
735.243842511
741.832325891
745.330395812
736.180830128
735.719780226
732.582226488
563.070907763
441.213242566
1317.19359154
429.707749114
1087.23049948
550.397045019
557.376415604
558.205534708
383.148730073
2381.85936093
433.214586948
204.978399741
216.057623553
434.629368814
434.559838278
371.27937739
1370.31898291
1337.84859319
380.371347312
186.024497985
653.958043202
651.65524705
652.69074508
428.112885665
436.000909343
650.799807849
387.212227911
393.209912786
1578.17246982
1318.03737285
653.060781563
657.943188306
371.853591674
366.105658505
1488.23928471
370.393112893
2381.13827349
651.398386479
618.461743526
835.332678515
413.59757949
1242.92538794
381.882260415
381.057688402
364.422203445
371.534091681
174.999055795
654.926919399
1258.11698947
641.207379781
1311.54195918
367.635416834
984.378377712
706.437410799
1486.58881836
733.518086589
725.284480593
825.241169989
361.516138659
733.415109429
714.402875881
1317.86873405
654.805215293
843.751073804
844.835368146
832.239823669
836.283285083
991.10749545
648.727288008
1585.11306843
417.413999097
415.163787368
412.65024098
2386.2039987
655.245555615
1345.70572909
417.843049921
659.604243299
660.384038233
660.805797374
392.502774091
404.4473161
407.32282488
3792.13067114
408.207152975
368.82325379
409.393774071
1328.0282747
1403.91868639
840.759680151
185.659925039
391.326247359
363.557455932
372.848814891
370.157835797
374.469470454
375.407871018
409.012591885
402.576368829
413.179017048
2148.7639626
652.979718239
740.955459933
738.281611576
739.006417022
439.544981016
740.720579506
441.155696024
739.848972537
442.091613068
3791.24586297
434.860529572
187.467432413
553.166940893
560.295362239
423.159554535
435.135358948
431.123527682
430.088126352
438.179299348
216.53591519
431.485710762
438.482024752
415.058273941
418.700951367
410.345355165
406.646418803
153.1206491
656.70216481
648.079383808
655.324461127
436.625638091
442.235267634
562.291557276
377.627396622
564.039610262
373.401802709
1318.28607595
652.552770515
656.872210035
1838.15249378
355.80622622
724.682290942
368.556124328
369.087936226
186.619689889
816.176563651
837.758234257
1239.80961194
831.207922577
390.712142942
366.347680255
362.753360503
384.525371136
2388.66655773
1321.72924521
370.529607675
371.220094665
649.065563724
727.584830608
714.780915846
714.437970732
649.883710059
1314.34222307
833.097221919
838.046037604
844.330120653
3794.4779076
559.124814498
556.325002577
636.162120569
575.839261664
558.124319268
409.823273397
565.679289845
840.112435371
414.856169823
415.398468935
648.138711816
414.139173345
406.873847644
412.372079363
1349.03952542
1354.58238895
642.684990384
1247.24613079
661.971527506
400.758451851
407.04946462
2214.79950789
377.242562114
3763.26483107
404.366090697
410.053638838
407.289205607
1322.40863963
411.516235889
159.927191152
189.242505974
363.464667705
366.760595054
373.371367638
543.076760436
557.47529691
560.022896571
556.153575418
556.428988468
551.738765227
552.095409213
650.527670722
558.834377505
558.469391073
734.056298229
559.078719194
744.549804489
501.421393299
2407.22744206
1315.80188747
429.502284054
556.445796631
556.550440866
559.018522101
560.950358249
369.059893139
158.802780406
426.120231941
432.618511914
432.017928825
439.834431261
439.013699357
440.739159198
721.11881872
370.15394972
369.422946054
380.89718775
2378.56839496
650.868690239
651.624957665
431.941285965
436.306331824
660.583703025
571.082524484
563.697540054
386.53757506
714.957279608
836.079140623
655.617121143
359.811841813
559.02908423
1486.96053944
370.349076848
152.311719808
552.544321559
573.218166917
831.387538191
1243.82789709
1242.35266181
828.220008447
386.681302009
372.374032473
362.274787349
391.039027388
369.353428267
1247.49118227
374.533025008
366.497174447
648.966960362
707.484875374
697.554565454
1481.35713324
1468.4591228
1111.5433205
1488.74175031
1113.56316117
370.760510678
368.966317683
408.44699535
2455.65223236
157.884159117
286.231910044
2527.38125444
296.795111881
556.665108096
4422.29026186
423.987753966
418.686943576
550.352411507
553.029563582
289.508899733
418.511295161
1354.0723423
427.655796662
414.477697801
834.603020701
839.481198076
418.434038172
413.264575194
429.250842235
1361.32344046
1308.61294898
657.748440938
658.826848901
725.939919689
555.583240108
1488.28073894
164.537725733
390.022112825
376.266667838
368.595407144
364.195836254
376.96646319
372.696244477
586.344995585
561.196072784
373.004516572
376.8213072
646.590722887
737.097255636
738.420294065
653.275175293
734.080686549
735.142573077
731.967703682
328.856130991
301.709129085
1327.61257979
640.074000326
704.016765457
737.19750302
722.947160129
364.862259676
370.974133317
367.782634566
369.599661131
194.097265909
215.219382416
208.742786845
439.135504932
168.596864482
440.711596052
368.036694007
371.362867829
182.69128088
653.389743188
653.145860969
650.683601612
648.764035207
440.067586612
655.782469185
441.417014778
562.982759025
366.86764822
1336.82671568
432.886486623
559.284249399
1929.40567014
383.849634499
378.461932884
1514.73240935
2377.56378232
190.383646646
822.917446822
836.130847946
636.385354426
831.513358705
391.048912168
369.791105641
366.687001791
4432.97029579
1965.79354025
341.9513815
5280.90157061
337.501149833
650.351753776
710.277625794
2221.95089887
370.328912496
370.764715132
353.596411523
645.452541147
1011.12383072
706.839993814
732.239890749
554.410210208
370.557642092
725.894952815
319.934159849
312.520563075
2124.12535872
2688.07911046
2650.8364354
562.635774557
577.653730767
559.263532226
560.031784212
579.473452498
1352.13655565
1422.48657747
573.129398117
564.183045008
260.828234238
553.471997813
1186.61456556
243.26483881
3432.67301654
234.011140658
1764.34685813
3341.92934115