40.7392087534
42.7239276119
39.9113822134
57.5871748023
56.0255850428
58.4313586085
37.4640345153
45.0105654463
58.7860120862
36.1656461916
57.8404486665
55.263001911
63.2014368296
706.857358613
55.8804187295
706.070674227
709.930006031
47.8159501073
706.961018676
707.774552
467.797463199
226.460064012
59.8789702877
61.1889683143
705.350778343
707.690428639
705.562127133
57.2651698608
33.2936394858
32.2088674197
33.6576388488
47.2367019148
467.701521288
230.639848836
232.874717932
208.078058578
203.456915944
350.752210989
468.042959802
469.627630208
1166.41491944
157.445464641
419.932923653
468.838469229
351.627363559
468.011831499
351.294378132
227.592469191
701.759544812
204.826787261
349.955797181
707.874926697
204.581346622
1167.03344166
468.625538841
418.296261585
474.223977356
352.916292451
350.984850084
464.117471531
465.434034504
349.782552418
349.184814987
464.558492554
657.401969535
722.403013654
463.374884893
811.492637884
825.364396088
836.620769074
850.405055875
857.875472445
208.16793261
207.840466209
207.097366254
207.286658602
950.57682625
957.847160252
958.473925754
957.987154101
978.041418507
983.432257435
1002.67396183
1002.21033627
1008.55576345
1163.77150964
741.180690281
1041.20928202
1045.02469667
1051.73756466
465.316098496
1063.22649924
1071.65019116
1069.28763636
1083.03698575
1072.57267039
148.929777982
155.262301901
155.482772461
155.334981086
155.338444194
155.403396231
1065.87354734
467.298635933
153.735997808
155.998464176
155.092491538
1173.43788675
956.916141965
955.552544065
971.447348534
959.288634344
465.016533829
349.85386642
350.519565098
875.994046185
874.583709311
915.930599927
943.362982471
942.314573677
465.146164819
949.021522516
900.075422949
875.547908657
878.929680559
206.127253995
207.479847131
310.809947156
311.128957342
207.536257176
311.553608443
311.416105127
312.109771563
207.72004934
350.875733926
156.875614482
157.020726572
155.792386549
156.319280356
156.46890991
311.669766123
155.683960004
157.038575955
466.787344148
158.448675444
153.90848
156.130686363
349.414948361
742.397944625
733.355327678
207.679614903
829.173020338
763.770028915
831.557959448
206.026707195
155.879338239
732.220130763
717.1817323
719.17252976
715.656694423
721.483609254
175.458080779
756.229760552
174.747261272
111.264246804
1224.82663821
175.177572278
1223.93139191
1223.68501074
1224.06542517
1224.93069886
172.224509046
175.263078505
1224.71640178
1225.30332603
1227.17518431
1227.30607212
1226.61229334
1226.79852347
176.905053291
148.652073894
160.465187938
159.07530702
312.043265753
311.374683997
184.97647656
438.167811836
159.619810675
150.494897964
138.423741931
175.207864217
104.379037331
154.78549688
156.290000638
156.494305147
437.029516099
430.438692995
156.945362115
156.938911011
183.230983588
178.409421026
177.246983914
155.140394884
153.048662649
157.141700402
156.879189566
176.057953861
465.827231966
157.408612363
156.870105507
184.391822194
171.936841227
429.027072867
201.252239181
156.672768635
152.998137735
200.8188778
432.267236858
202.480748269
1246.19704399
1245.26677857
1242.6221508
427.074212861
157.933303762
158.466149162
155.848893034
155.909763487
426.35854957
386.476805959
154.956318152
493.098578007
895.405940334
166.076992045
361.736937914
311.726136594
157.424859811
154.696008073
427.172941295
467.577959025
437.34707693
105.094705382
199.466679864
376.486016736
172.957994718
200.441899938
157.250877255
156.595914343
157.038480377
32.861801515
201.405478967
205.711606901
155.563960767
186.054669171
167.099740074
155.066713958
152.942156746
157.427647022
429.399755049
169.512009774
199.432148026
430.194981358
106.058181991
435.988576756
439.615582276
156.088209423
426.174646644
154.712596296
155.888642509
156.038481917
207.752125052
157.882094155
107.93184388
205.215391994
207.332203675
160.755229173
197.998036866
446.836809713
156.054657106
155.969660611
377.893593657
208.374666512
311.378799148
311.820097816
204.509148601
16.7613131628
14.3157002888
14.907822604
430.025335748
0
0
208.39494236
33.7521505587
154.086562894
719.593189763
208.442617399
161.738739735
739.362262995
175.065759703
156.754539433
155.836691181
163.707117297
429.884075413
159.382073403
105.096289334
209.434605455
206.449583207
157.74536338
156.329360841
727.756967042
495.703820741
496.324552031
0
14.0557422132
15.8307806023
0
154.838757233
166.133834971
237.719878761
155.301646699
1243.01955325
817.11091421
431.886411625
829.060387479
207.604538128
1269.36274182
1254.44207276
1254.78517178
429.079380931
157.760133768
154.582473448
155.915876975
156.953120043
429.29155648
427.055124764
111.742051607
442.87747613
156.932742457
427.584597842
829.218808288
154.745359072
157.296171339
150.728874417
154.4351808
429.022748333
416.673848671
443.566535443
159.358867022
155.177564049
427.566447359
154.763358219
157.679637473
155.732557421
155.620229381
427.842539465
73.9575022191
109.037258783
163.330286537
156.440446413
433.171360052
158.834056753
154.958177606
157.132618647
155.691669657
207.736835113
878.247948415
221.058985662
164.759761681
108.635248321
154.497624172
173.82276417
104.387528995
149.990930633
208.987124201
157.07546358
429.694758075
431.462699024
158.427193016
431.435818012
186.132623158
172.756045115
155.788001727
156.764574143
157.975755533
156.712378006
168.865025408
162.856677257
737.120154131
104.829080399
369.618394693
183.102263201
175.84802941
157.26720024
159.082884822
157.153512105
428.553039946
188.869173272
430.312455069
158.169561964
155.733199717
185.135154631
161.876936781
976.523904928
228.973899725
156.099964443
156.960809543
172.824054334
386.194642663
873.863350738
441.893974924
140.989945365
446.402546187
159.333123755
161.478272863
154.09495835
155.963683007
155.34521088
428.428740596
381.262534488
155.469628823
206.916445625
207.276999731
159.743071649
172.106348674
175.381331182
156.349327724
155.435108733
171.574555158
310.551969621
156.078918068
105.492348533
207.808592091
556.039115944
131.068438404
175.710234673
153.848581394
163.063728376
154.73858309
208.89492592
36.3944678715
156.590284887
208.962400562
207.333498596
682.55152106
108.139445908
61.950834251
156.578807624
156.396179261
174.617336774
210.584003788
155.086050996
154.130692003
106.539295946
176.23555614
154.530013427
104.850098902
741.241829227
741.836836551
493.297775273
430.680625446
467.221389536
720.744183518
310.426607211
156.476602173
188.766924469
157.778212103
156.337196913
139.960899969
827.483225967
174.650914753
208.450541604
208.752532131
832.135617163
1254.42902131
1262.04009871
208.871490425
175.235453526
160.19979398
157.352434037
1247.37215039
1250.60564223
156.726906397
1225.66382155
441.56279943
155.6782235
428.138331958
36.7782480037
39.1744190086
156.462201876
156.186269204
447.022799951
42.8226711304
359.398151973
109.628680606
152.886027265
58.7337202805
62.0793206868
155.953617657
105.433594915
152.170000245
155.231824289
429.446063851
1091.72976158
1094.85415559
14.6927576795
155.489069486
159.6110421
51.9487374058
54.1725813635
175.816576185
59.5052156014
60.6045256964
174.5853045
175.735529694
175.150345876
1704.29455471
176.328706175
208.509157115
207.885665207
157.470901797
154.191971886
309.212422006
207.50666071
1169.76533876
155.775804043
61.63146959
50.7147252731
38.7232030048
44.9227601
59.6685856948
56.4879294399
57.0115096747
55.6967154159
51.1574828842
54.7391904982
54.2451167122
52.7453467118
53.3127771514
52.0087577663
53.5647288802
53.1930982662
156.293292219
55.2807850317
53.418789757
57.4562657785
57.6224111972
57.9395995846
57.6583374445
156.014163382
154.691266115
156.64090912
109.514543324
965.11393071
440.170193725
464.30468339
153.468801737
149.173535088
35.8581819462
49.2516455034
177.648257763
745.052583671
154.399675376
156.434259269
1244.91576525
173.672771787
1068.12800413
1073.40322445
156.939424881
116.06175699
155.890129664
154.302788774
156.695109441
157.519698868
156.320827464
930.166763394
160.487264306
830.240225724
155.755336595
1108.86019155
42.1884069287
43.6229023272
14.9006246025
15.1569504925
1233.47927872
57.3616945218
59.9473655121
60.1873004781
61.1500043918
116.546499527
155.413048366
155.492797941
174.904657717
55.8658831818
49.2855965584
44.0350317898
35.3724244238
166.408899561
61.9145730847
62.1880269618
105.272186743
150.449961776
31.7646827489
429.343799746
156.650916062
158.916253087
156.704352254
208.220499466
60.5829012274
50.5728976044
154.760609381
104.616185053
42.8798865554
46.4015649134
44.5466805661
42.171077524
157.087307962
427.84379998
830.418945302
378.176332114
157.769517033
105.862499736
139.37937238
166.711381608
155.997553564
154.124237788
155.63233958
211.715744828
422.500782556
183.800266022
434.693746733
105.930960804
828.071972024
138.031601694
177.748929654
310.507354478
162.620269148
157.110589896
157.053743487
828.931403238
158.682500763
158.921990435
419.659016402
185.241047976
159.894400916
162.180498558
156.269747379
155.111696551
156.054222209
168.7448722
0
156.087744474
337.941597388
205.836008579
38.1119789905
33.9261791475
175.439583869
157.451138056
626.767797753
154.492400119
207.545627781
13.7563580713
156.314784837
32.4602922263
207.456950493
198.242635617
31.3980872544
33.5669432246
33.4053029384
32.2774181288
162.499912821
640.665014505
156.183747877
42.0577349235
207.610204111
167.62163063
198.096159238
176.215702308
156.381857431
41.7316165752
625.16072654
43.0665320027
40.6001272934
321.847007995
311.905063891
207.46659987
173.862477504
207.389669145
35.876439628
494.715502761
493.714174904
169.268962491
185.77566501
40.0171210433
928.195248642
150.690896116
167.249802862
34.6732025705
156.335368682
33.4291368969
428.181913491
432.945007667
208.825538384
207.467961868
212.740233177
208.289501141
207.853423427
171.921002872
166.00100959
150.750899626
156.119933194
156.642836253
152.770371001
36.5844205885
165.940435892
442.791855233
158.956823024
433.653208088
186.349587267
199.304817783
200.071460431
157.805523589
154.605206629
209.632449225
441.168757307
448.698946962
158.599501015
207.483075675
427.58312117
151.830647049
156.834805104
156.153324157
156.203324553
450.582658574
1216.36133392
166.127144086
111.574333407
160.378350335
446.562600392
435.643053088
155.228012618
154.336644289
156.550551471
758.953394513
207.4542453
110.107375855
164.882750193
156.733168272
155.453016408
172.626052297
112.554577755
150.348587158
209.360757075
207.769435326
208.008713819
207.475112575
207.80847112
207.593545132
206.870307289
829.90171522
494.310340436
829.139283271
156.764806219
741.351222242
1110.29453093
168.27450136
741.583586073
184.338750652
555.309422476
103.44964488
740.568967648
495.010875258
740.830309455
203.693546962
208.301947771
208.035961352
206.412459565
208.584117348
207.812072919
1045.0431665
415.434945425
169.260645981
62.7077719291
62.465864134
186.396876321
834.442120302
183.663621718
433.075949037
742.179607448
929.75299397
927.710329323
743.049763616
743.793315912
1304.00510168
205.280409104
208.802870372
208.301316663
168.146410528
833.863295765
199.776771992
714.36232162
724.877603611
1221.11348683
1235.68929487
829.470038097
105.099923224
958.540385581
740.694202207
181.940679558
185.992374817
740.894878528
1383.8518744
155.485626285
1246.36689791
202.037963393
198.334745217
208.791076432
208.472227513
429.680664513
834.448707158
207.404034811
209.057553583
104.986161514
177.092840475
157.686218327
156.090624484
822.346613522
1239.18395265
1109.98047137
183.618478094
185.045231852
147.542699485
741.735534231
731.03576355
165.503595742
164.404244706
106.751220851
1246.86336643
186.202459523
373.210856605
145.421290342
142.513102857
185.375299932
827.21369247
163.428555025
207.301018179
124.797719604
742.414169591
956.239558559
172.494446593
159.459378424
186.890749548
183.972039252
282.261531292
175.987276793
208.136468477
744.787555499
159.731008675
155.743774152
155.633823359
206.896817337
156.769933063
159.629474763
1242.63297783
1247.55896501
172.508682336
188.363974572
591.997881246
1245.37626662
1245.01156153
162.120490251
1862.19349692
1244.63357664
1241.95878458
155.753393048
1239.70142943
1241.19718639
1254.77025876
1228.13595183
1246.2762499
1241.13234408
1238.57650424
1264.9301782
1242.69907741
1242.5800192
948.398544895
952.131685711
1127.93977375
1086.83223501
991.351498958
197.964864557
170.884875693
1246.24366913
959.511725187
855.0073711
737.985113577
735.543035254
154.823446121
957.636915146
736.049419879
1216.80075098
735.240487917
1254.45049485
155.917615027
143.277412883
466.248506695
1217.90627002
173.257336769
170.569335905
433.384427126
199.476412008
175.388736606
1193.08747353
199.400036031
174.374320497
106.105206527
199.471587303
175.419212592
199.177007006
110.192910506
1218.53878896
173.876698783
721.336519032
175.661829802
175.423972568
311.130992669
175.918078011
102.637083245
448.951449695
175.753993439
1333.27980861
200.675501756
199.126719945
175.594332748
198.436257151
1311.86671674
1247.47540871
1269.12661763
174.899634677
163.724806425
199.591852833
174.527512846
174.857995967
158.377313249
161.630950876
174.740293357
155.298997863
174.996954035
1257.1444111
1287.44639954
175.784558922
156.678700322
724.400042109
199.574907316
175.194147411
162.230080902
198.632607643
521.965197568
198.981723554
173.797182396
170.310829052
198.640034308
174.934241538
174.737037348
1263.998507
1262.49757723
174.393969081
154.105282342
165.749738696
175.493723861
1239.79525698
141.43913238
1241.47405337
1240.8245018
1240.27514011
1240.49223548
170.032934106
1240.64169441
156.224918314
156.282924752
156.860721481
155.346656983
155.840978102
156.249207795
106.17592098
154.73743211
155.760785674
1050.36116578
158.979661206
156.081311589
157.126250393
204.945759554
1264.46486986
115.250374902
175.990274954
1167.28086066
176.559512015
431.696978029
174.287117064
1255.37974913
174.760494772
106.081562934
153.806562737
1226.40661871
176.308549268
105.102172839
199.745962302
174.89281858
157.982901003
176.362699352
171.624744096
352.091184003
208.755593454
173.560048589
171.926344505
1236.23837422
1238.30142608
618.39432514
164.324921833
1183.96576106
174.965269205
1266.01132555
106.081592828
943.091224042
155.550124096
156.077652177
155.889267834
159.19568334
155.189361931
208.745447454
175.511663893
116.812536991
154.302583855
155.26085643
173.800904394
110.899710049
176.671242995
175.993270773
177.330837783
429.043049609
175.133938506
820.124003235
819.545260422
177.481724251
785.639167175
1225.89521813
174.663385373
174.302056715
176.188823034
175.281151562
118.305908036
157.278378358
174.632474214
723.18030702
201.07870914
151.824127824
709.113211405
176.295281067
175.079026425
713.548387488
175.764800825
177.951173492
176.172279401
174.38850431
175.607194853
101.946613485
449.966084593
170.39002268
175.298923469
147.582605626
141.43044838
440.899970018
440.313842252
349.350774661
156.866754177
175.655999897
199.525707366
155.267003513
174.829315336
175.262494464
62.5590994151
466.771292667
115.742456016
466.619075629
171.801237534
119.25786461
156.21994279
199.272768434
119.613192975
115.999510556
164.743539901
117.502365035
115.315518068
116.536984884
115.594424828
114.69797885
114.352522782
433.292815219
157.557147232
198.356710227
106.779082342
165.711674776
128.268529143
176.267048699
205.809272763
106.062977098
189.965646443
187.197820959
130.839383442
174.71854459
142.286121325
138.37846972
148.238270036
201.599507985
142.740054167
152.321274545
201.156996804
2190.98320118
156.68173219
156.137011461
147.548488154
152.823282966
140.863911383
199.419754193
198.927004258
359.549707425
174.106294944
145.886132757
157.252948451
157.976584652
154.385625602
145.459082895
209.027076436
358.039364525
198.478036999
106.018281758
176.001371597
146.347290039
161.645796157
155.273548096
224.16873376
147.829161741
207.961125058
203.444620967
195.850135357
107.63188378
186.641212203
204.068598625
154.878080596
155.254737407
149.589632472
146.959398608
148.601197836
203.269784802
198.272167383
188.450643017
178.336674049
202.953546912
156.692945124
153.696491888
152.112345567
355.03420092
205.076382539
203.21087913
201.830410408
109.642609645
178.317682067
833.515222404
156.041305405
153.826510568
363.782917463
146.990006945
204.450954871
207.632286957
200.470711161
198.299134905
738.89688331
355.505418662
155.943981206
161.998715024
1098.5450689
146.743431844
166.260747776
1118.32825769
1219.18395878
161.307458197
159.988193612
173.553417261
152.909734522
156.627180688
199.578239924
1098.47474247
1097.60107949
205.068777495
1218.95159464
200.165285485
183.308698555
849.767053932
155.799448177
155.976766782
149.940938369
147.275862804
213.120927447
107.822594631
200.259358377
199.106876789
187.374010918
470.183153649
151.61578157
159.346275083
1103.39980505
1241.39074744
1220.49058954
106.870883686
201.928430034
198.190352423
161.124036096
181.303594606
170.342732518
176.696155236
175.592406189
915.672250567
930.255604202
948.245706194
963.487082378
175.66033567
1000.04098804
187.92157229
1037.7575486
1057.78162727
1066.77312636
1088.50689441
1100.47269768
197.836072608
159.472953819
156.833346021
157.142371891
170.289010477
199.242538308
1088.78422169
743.591188475
494.418462975
164.195666752
741.471730353
472.177554955
1278.01146689
1278.60978544
162.788308811
154.527523805
1259.49482348
208.133228957
208.151704089
197.507849277
206.982348265
207.444466591
206.567992444
206.988166213
209.105142384
208.31491054
173.75967836
158.519382083
157.409005921
157.226574193
207.919627282
1123.23686851
165.268350956
168.603229562
154.681147353
428.463230831
159.245908278
155.310689013
155.934465648
154.906126509
1096.15503444
205.977945564
165.443117163
165.665665494
158.755426148
199.714861955
378.263487409
156.243702167
829.953369023
1243.33338634
721.859453035
741.67407277
741.371931781
433.811164096
742.617377707
155.416600738
425.733529142
157.49874869
157.371974627
208.178924731
207.580388915
205.071746711
207.947282228
429.259325853
207.74082002
206.711681444
162.226149795
210.385710996
152.839547043
1253.63480701
889.488018315
152.219319945
1311.88674912
1252.26786876
165.786356979
108.989611179
155.037580475
159.121682696
197.851191964
152.770518503
156.539042208
155.556651764
206.870137659
159.877970634
165.848725269
439.778339687
206.021934256
179.010634995
154.425283776
156.180227154
1260.26653936
742.112382473
722.751746573
741.847729986
741.165483561
954.616488451
741.845755109
1253.99829306
740.832649212
155.978819155
208.186615393
830.881027326
421.921995608
208.069367489
207.915785858
472.142007272
832.320369457
208.575891444
427.699148259
168.773994447
206.461334233
157.261783473
156.588087072
424.758699876
438.39128004
164.654814298
165.715969201
154.830034314
161.92730906
441.015002925
155.71588206
156.32318112
154.336905854
157.954525024
144.690082597
164.146544165
167.421893406
156.470690867
149.244237347
186.767632791
155.475944243
832.429699142
494.501670275
493.124912088
184.918069275
185.688546634
1245.50433352
740.70477764
154.646724605
141.673908173
154.873628437
125.609207495
206.922394211
207.754459925
430.334751257
207.299577236
206.317342511
207.338144021
207.162253851
167.786260663
434.797628214
1237.17008623
157.416889913
1247.83723649
207.947347236
207.218053381
219.918643247
441.45001039
155.282840061
149.289548405
185.526511658
154.412781883
151.961446489
155.539687768
206.134212573
1222.68060144
185.863114409
156.452881965
117.841105545
437.320296437
732.320097122
1215.15798441
156.580016556
156.095873491
155.418563763
233.333645821
154.673240238
155.320561411
155.164511477
155.141252428
154.502450451
154.8086503
390.341913086
387.778197621
464.781589809
742.82757307
742.315637115
225.273062015
741.636320906
438.950891872
432.634048468
427.783191627
420.566491664
431.763332255
312.907896001
386.313200448
310.296889729
403.404479558
741.911123507
378.261539425
44.2548641583
174.66434148
313.013866054
386.937429511
55.91275922
313.005054883
60.5346155432
307.86533415
27.2156639935
40.2749550695
58.4646284364
36.7100946462
34.9954988188
35.3597567812
41.324685065
34.0202373523
47.2640029178
51.6617665082
62.8400310517
42.7023163388
39.0360398665
48.5299481616