1604.60047101
1632.39490644
1646.87280246
1666.19010452
1653.07198618
1484.94643681
1646.24394339
1671.96465957
1665.76959188
1669.82469617
1665.9983403
1659.32287289
1657.79376926
1655.16526704
1671.32301523
1645.55588699
1671.40794773
1657.03042183
1598.29482509
1671.04276435
1664.33977812
1631.90285052
1667.20502556
1663.79632309
1656.09143428
1651.61144914
1523.17875729
1476.51012146
1502.61975516
1651.84222724
1661.67117675
1647.57283726
1968.22550946
1647.37941203
660.568668339
1991.07639883
1975.45739348
1643.80587972
1638.57462252
1657.8902211
1624.07002233
2003.78206591
1964.86762043
1971.99710697
1646.25747989
1645.83328243
666.689572085
136.83771037
662.615823675
1961.35642913
1988.6153344
1754.86197175
1747.8716155
1747.00868929
1741.3575903
1742.29062088
1729.22208631
1987.99193093
1966.44404026
1984.50721858
1970.9138053
1971.78856373
658.761240435
657.920749764
658.357526299
658.453456988
658.229957382
2093.79207363
2095.47793426
1739.92904911
2174.38214956
2369.21092896
2347.07445868
2333.86638417
1942.98062652
2632.52596076
666.349340388
660.375048248
658.329023602
659.299209153
1054.63489973
1053.44911168
1045.50809485
1046.19492224
1314.80662628
1568.14679083
1827.92070154
1887.69566528
1789.78233425
1756.85920711
1726.27331365
1741.86488294
1756.71054842
1756.72268129
1759.25038925
1763.05924852
1767.21566257
1767.29684626
2062.01424207
2067.89230294
1748.74352109
1752.27358052
1475.20542782
1414.86769926
1412.27605596
705.578641821
1777.79456586
1760.78886783
1648.16347847
1658.49397374
1618.31822239
1796.14573012
1472.9006623
1872.60152004
2041.61286028
2052.30532966
2062.99745689
2052.60327994
2038.77120989
2043.97663668
698.958890633
698.420996347
696.82458775
586.304166894
585.797371763
585.141467595
2054.20158224
1949.91415582
2003.16711433
1986.65321139
1764.07368819
1742.85495955
1703.05870356
1728.70777173
698.830334729
1860.31616551
1809.09841078
1819.33757322
1575.38271692
4989.53573418
5061.35816194
4993.9223195
1552.61644499
1298.60548358
1071.67992515
588.244858866
591.341451379
586.574659551
1469.5158839
660.303092008
593.172501929
584.407255348
586.013015077
1102.65097426
1659.52334874
595.70318851
1782.43488573
1752.4574394
1761.07132598
2043.92516356
2063.81533872
1314.27540073
1325.64823094
663.152000149
2345.28735899
2074.31087696
646.500927198
1991.08524305
1973.14652289
1968.52799333
1634.97281535
1572.97781257
1463.07946868
584.021049244
588.527516247
1477.27762115
1449.33358748
659.655962366
1849.24136296
1818.01527354
1836.70622797
1854.84645668
1823.97836629
1785.47743979
1568.022038
648.174017629
1101.44042847
1109.71266431
1107.78789358
1112.8345527
1109.15137872
658.088272174
659.547584038
1849.62555733
1843.7965502
1830.8770825
1834.73025601
1549.81478064
1969.95543983
1476.21515117
2093.95848625
2069.66701376
2139.04617585
2388.53145391
2062.56535935
2342.01074273
2334.44437097
2346.93769598
2345.58007197
586.941515186
586.374674465
2345.56111111
2348.53597287
590.592515918
2342.21164153
2356.10901211
584.125051945
1981.60011548
1755.58511407
1473.82973628
589.441522392
588.988219234
585.550463137
585.954404078
586.501923666
1831.20610351
1988.07700595
1958.37080764
1537.11199478
2068.49377539
2074.50235888
2141.17849771
1754.83699932
1759.68507557
599.79002334
589.786689557
392.333995788
392.657524294
587.042295421
1761.92262067
1766.18777214
1764.73864806
1658.67870182
1972.5529186
1979.35687198
1966.09728998
2304.58287058
1981.40021686
1968.47782558
591.8152329
2320.31918311
2322.90435193
1977.13679411
1972.4877865
1983.35207376
311.086782485
329.404449035
1572.09844592
1293.73171199
1332.30967943
1336.2338377
1312.59224354
1331.78440361
659.892946025
1731.34462764
1775.62703274
1762.64586392
1751.14511454
1755.57337797
1761.20196363
1314.64220276
1769.65191453
1770.73151936
1758.54529597
1761.6088629
1600.65134652
1745.28219639
659.283746019
660.27496738
1964.71753781
1949.29198823
1568.38183577
1559.97907448
1570.76237656
1571.66574639
1609.84058185
1961.49725212
1917.44097367
2088.6152821
1996.08169654
1967.97722136
1976.52592766
1971.84385806
658.727822703
659.522052958
658.098733673
1565.60112774
1963.95525391
2298.47051207
3585.34717335
2060.23145658
2333.11070171
2039.1500142
2068.52334768
2032.51722923
262.751141736
657.494121542
1309.34295563
1310.54311894
1305.31349419
1318.70223849
520.710430376
1309.79411564
1846.30944869
1801.1293817
1861.80249142
1775.04488024
1780.44522453
1728.14245263
1407.52695209
1393.96962765
588.713688473
1316.55126814
1577.79950171
1569.94050293
1579.43827561
1827.54210939
1826.24202139
1453.82571302
1553.87459601
1335.16043695
591.500971078
589.178721439
1464.33065567
116.05258121
699.736306859
1835.57449754
1834.99636831
1844.65152055
1849.41750681
1838.56986696
1838.08732997
1838.59588382
1998.29901654
2106.83809253
2652.53527012
1986.60695536
1981.34509695
1931.41359875
705.139286305
696.429262557
1587.35193372
1647.83716094
1611.83941316
1488.4672287
1646.55878042
1590.60472466
1668.54399514
1552.43253396
1312.41600312
1109.05962447
664.9744622
1969.67048965
1417.80665462
697.99438355
2119.25971642
2319.21770248
2093.46267154
2117.31421052
1821.84972034
2629.25117577
1845.04665987
2084.01983192
2376.40584591
2353.57805533
2056.78065473
1699.9369164
1327.87360284
660.853118464
1797.86064523
1757.90527879
2044.90273901
2066.03031573
2051.28060041
582.506681436
2015.33158555
2091.94137992
2052.15173363
2056.25538633
1760.48945469
1754.00028724
1766.22917669
1510.34476352
1651.36377574
663.924144174
655.868336213
1652.37114119
1649.37830679
1980.77556949
1974.75458879
2428.06732433
1553.99671658
1591.51149145
1754.42022174
1766.43871313
1750.76616711
1733.40883214
662.615714828
659.546825143
1967.55926602
1825.86076526
5064.53061398
5006.50265263
5112.25389002
4978.02442874
1384.52398946
1402.49156012
656.5466163
660.977530089
661.039915005
662.255239539
1400.03193532
1579.64824048
1582.54060975
1559.99160324
1640.2468023
2084.24193114
2087.26819087
261.628119864
1957.87958868
1983.70702631
1952.86472132
2260.58800592
2042.4169661
2349.3700175
2061.11700872
2055.21275619
2054.6050185
2057.63478444
2057.56618648
2054.52646424
2048.87992217
2061.42061385
2057.53093814
2059.09277468
2056.18887194
2009.72304007
2043.41113656
2235.06971394
2323.66744689
1541.93889186
1298.83771957
1339.99970561
587.886809402
1697.13703868
1752.2286741
1303.59495427
1031.72199875
663.330767539
657.802477733
1348.7890916
2165.57814969
1981.23457691
1771.02578677
1552.90301274
1987.36184786
1993.41316418
2195.30505779
2166.40385904
1763.26629273
1385.59380372
1573.87868148
1567.23485979
1569.48191205
1508.63536976
1488.58495537
1989.81013452
1986.82104328
1521.95471827
1951.51001825
1992.47303853
1988.19301095
2176.71480228
1561.57518819
1541.46206866
1579.90694254
1557.05682416
1480.69706175
1521.46805569
1569.28009319
1570.33231901
1569.45713863
1568.79664923
663.900183777
1760.690294
1759.1465391
1759.00905462
1492.38399631
1481.21843981
1480.57946012
1480.28396064
1568.61171853
1582.76391056
1762.28002187
1761.16074646
1761.9533311
1761.70558529
1785.87947185
1761.47274089
1760.94298776
1759.37660049
1319.16971654
1480.58711226
1481.59584958
1480.03895005
1483.28700989
1481.42669121
1548.31794043
1569.27059793
1570.03160204
1569.09040989
1562.50153787
1775.33848891
1760.46876301
1759.39037389
1495.26990499
1484.66521918
1480.95648127
1481.39400709
1475.85413519
1676.07909704
1695.55417823
1319.67752561
1759.63044008
1759.44485251
1760.03926669
1794.42392656
658.791467878
658.227859949
658.152806058
658.974616586
1736.04408198
1321.31285433
1784.82857769
1480.04318498
1483.47795285
1568.56912931
1569.85978029
1569.30512197
1569.55890706
1566.52804817
1760.66430698
1759.58781251
1759.57867826
1775.28213619
1481.19231462
1481.04615156
1481.01525235
1484.06144283
1582.44724741
1697.87032694
1761.90561147
1761.88188619
1762.64759583
1762.58388722
1782.37367028
1760.08589102
1760.11118045
1340.36519271
1487.22211532
1480.84412322
1482.67841719
1479.60082491
1481.21468845
1507.59876561
1567.57638914
1569.98824203
1570.12733871
1569.01316436
1671.15134827
1539.0929514
1340.64044518
1761.23974426
1070.81028344
1480.83648354
1481.09449594
1476.80615534
1477.44720541
1547.71791425
1546.26848003
1323.16960983
1315.19866345
1759.81671851
1792.33763188
1320.34397785
1326.12364462
1321.87539087
2396.17587542
1480.74195
1483.4348456
1482.66104557
1484.85148574
1630.37966011
1570.17869642
1571.68778993
1570.23119037
1570.67741689
1571.68301747
663.845681214
1760.96293731
1759.99625747
1765.60549154
1488.86440656
1481.05675042
1481.53106985
1468.00302934
1564.72731591
1608.13877865
1761.68267679
1762.07455058
1762.76996828
1761.39395563
1786.06398822
1319.94196019
1320.2236656
1321.08208968
1499.84453983
1480.74352509
1481.28220368
1485.34340218
1481.23291376
1481.67258603
1561.09259688
1569.60237761
1569.90186585
1569.95045449
1553.32952722
1762.66055037
1758.72081874
1759.66250243
1506.65742613
1481.16383707
1481.32396102
1481.85576893
1484.70251613
1676.29598135
1713.89525902
1761.48926515
1759.75652362
1759.70682841
1760.37313427
665.905980761
659.27675064
658.349213478
658.145290567
1665.49062932
1318.97222143
1320.87031001
1793.5670217
1481.38317449
1492.05199566
1569.98174256
1569.21454389
1569.54869716
1569.97917815
591.776553083
1759.81161285
1759.49272251
1759.51899076
1780.83624542
1479.48478634
1481.16254221
1480.22735267
1569.16649765
1574.65778633
1737.62364244
1761.21215618
1761.53777937
1762.15510542
1789.07494009
1768.25464205
1758.82511583
1759.83303823
1334.84934228
1483.844993
1480.81446715
1480.30022016
1481.87696654
1480.5275297
1520.90246435
1568.0075356
1573.9667343
1569.78516016
1570.38191908
1792.93753696
1769.01507286
1764.24798395
1543.3391929
1512.65267197
662.060448833
1479.79697625
1481.81257209
657.093162513
1324.7686685
1767.64106221
1321.72558743
1541.86750315
1549.40011055
1788.47765352
1763.04096521
1756.96646549
1758.71240321
1528.39658335
1483.99595712
1491.79485032
1576.67310803
1567.0585844
1569.838544
1571.92576064
1567.22046007
1473.8758657
591.719927996
2100.56853316
1766.21998203
1760.46595461
1759.43882866
1765.59677844
1976.55398435
1974.88287205
1975.99186419
1569.97744153
1571.3281184
2189.20623361
2349.09921809
2348.47935346
2349.40605015
2349.79296152
662.629894042
1760.76486097
1760.85490497
1481.4203375
1562.62495756
1975.20784762
1975.65360075
1487.79295062
1976.23762649
1980.51700008
2092.04631412
2093.02100438
1700.09590376
1668.96225654
1864.47603313
1760.01203194
1760.28878121
1759.45298168
1758.433883
1975.0446261
1975.23343719
1974.9177866
1559.84618217
1670.1044975
1731.35114553
1759.39443244
1759.83965587
1760.24056168
1760.8200142
1351.67200193
1424.18636187
1438.47955121
1374.0340764
1399.13449749
515.1012385
502.362303637
1987.99214163
1974.35547093
2012.4576999
2094.00217843
2092.5866664
2092.47946255
2093.60004051
591.364543598
1760.95247666
1759.24507294
1758.56635906
1980.08918704
1974.73163364
1432.06553729
1445.61434834
1467.23710692
2100.02714793
2341.63243081
1471.10160882
2350.09201574
2349.69424866
1780.88836465
1761.43059205
1759.28780292
1759.57735058
587.908759995
1974.63108703
1975.40975835
1972.70036704
1975.48928476
1975.89129928
2050.6760294
1533.54378591
2093.85052366
2093.06976953
2092.83723599
1525.43530164
1321.86731423
1759.27187428
1762.42822261
1981.9894538
1975.2552114
1975.24455117
1598.02184822
1548.42542488
1534.95706471
1539.03036935
1760.36182183
661.954720103
1759.42077026
1567.61501863
1757.07287575
1759.95687357
1760.45453905
2178.78456637
1714.77648116
1577.97356847
1572.57131568
1559.06519284
1537.98866561
2085.17145194
2092.54205583
1544.66802637
2093.56239958
1612.34202282
1761.38515197
1760.00254675
1759.22875126
1774.99344908
1977.37405093
1975.46802524
1976.2314384
1679.89948719
2107.48784524
2245.91366321
2348.61774901
2348.08324638
2348.84792439
2348.47155844
1571.66461374
1389.31601312
1392.93925647
1765.78870919
1982.19022196
1975.106095
1974.97314116
1974.85016813
1974.60177883
1332.01130891
1478.13487184
1460.45181946
2092.69754807
2093.43691759
1453.51414107
1441.74272731
1759.41722192
1760.31215632
1779.77478774
1974.46769621
1974.78884823
1974.45204782
588.105367355
1665.59910067
1748.67722987
1758.92330728
1760.12328852
1759.9312711
1771.54175771
659.745178774
659.97414651
660.362240592
658.53902273
1447.21969105
1758.23859448
1408.87702412
1985.90452559
1976.01707118
2026.85402552
2092.55102356
2092.86306764
2092.70556114
2093.69873264
1780.08047086
1760.0370812
1759.89850562
1770.3040345
1986.49776679
1975.68260421
1974.74724385
1968.62743543
2088.77877863
2116.75465865
2347.82472381
2349.01460504
2349.8608266
2350.14001678
1461.15784116
1483.32662407
1759.32611241
1759.57786178
1438.76029165
1974.43557353
1975.45872096
1784.89035398
1974.9922196
1974.6122069
1493.24923164
1369.39280775
1463.5459628
1462.72831023
1469.84645534
1765.4092684
1759.97165382
1759.41359714
1514.75626078
1978.86261461
1974.72452936
1976.01501024
1467.19240908
1681.63766597
1701.19351515
1760.2034886
1760.02418825
1760.03824495
1759.91025312
1809.37241018
1760.66515591
1759.56096252
1759.33917961
1286.05363474
1974.85078469
1336.97816228
1973.73105052
1534.41960512
2061.40244399
2232.44394823
1886.65245727
1542.00076094
1328.37786304
659.652797727
659.859008618
2204.87936296
658.2831727
603.948617267
1338.6322793
633.747647363
1334.72697519
1942.34706143
596.497367975
1760.75516904
2580.13921583
1758.45405323
1764.59420929
1465.46311304
1470.72358439
1765.6611737
1766.52646902
1458.88633727
605.784017815
1505.77017331
1840.22519728
2104.39641761
2361.30690698
2354.2627745
1805.29125384
1336.09164145
1834.67647789
1833.89263236
1826.89633207
659.318571733
664.844872918
1539.5922683
1537.23906591
1379.37725657
1349.8749828
1363.71096091
1532.55997334
661.968780281
5065.27933912
4931.72253074
1326.42576313
1317.92791545
1550.29002885
4936.96049294
1780.84998707
663.222619542
1775.51899165
1757.01633855
1763.70014247
1791.31303451
1610.58911115
797.353718378
1612.24904897
1798.31540302
1988.47897758
2317.10080863
328.041194221
1960.46061001
663.971428565
666.575758233
1826.49317163
658.33177943
1649.59846445
595.935790282
605.624541852
1931.8656871
1747.34578543
1467.35494408
1468.27839729
1457.83637855
1412.41741003
1463.3737887
1455.99728323
1546.47167244
1841.20690871
1827.20136233
1565.93257716
1560.85657146
1783.24847089
1452.89803072
5260.99328856
1563.28670185
1835.58520663
1837.03286377
1829.43166134
1851.93519625
590.307869396
784.755004158
1314.47403728
1766.97283755
1591.75808908
1964.54937703
1760.54010958
1089.0055553
1319.18527463
1317.63263146
1549.94599678
1766.95919003
1586.43256308
1314.06180296
702.438721429
1294.46392767
693.885773194
590.531373152
1624.89049148
664.620665279
1532.65700041
1538.68198578
1546.10709863
1540.63029754
1734.11128175
1785.78883854
1660.35684456
668.119111901
1638.64192177
1642.95078173
1336.03816007
1544.26712738
1323.56747254
1465.24449744
1470.74238333
1466.69584285
654.611338478
1462.95384006
1760.75260327
1761.33445062
593.919156782
5237.83258743
1459.76547
1452.34666806
1305.81208594
659.255872201
658.646901653
1297.4307172
793.342850849
783.875901539
1045.95543308
785.325027458
1310.29566233
1836.3022225
1839.6530538
1817.3324364
2346.03038067
663.583973307
659.312430266
658.032285093
660.840479955
1317.67715804
1302.30530654
1568.83900766
1572.98567463
1832.89094803
1550.77018409
1268.79247394
1315.48961169
1305.73308803
1304.98717611
1781.18667621
657.973849227
1302.5118579
1306.71663921
792.321128468
598.475881048
1476.47707603
1450.56248108
1480.75971495
596.610402787
1455.24741653
1567.95330824
1554.97023656
1459.34689992
1492.22549232
588.781400581
1477.47982231
1969.45065413
1004.13744542
1479.74987872
1480.9507615
1488.63146284
1730.88527374
1481.27983497
976.086556409
730.498119673
1735.29696931
1481.67572092
1486.18729111
1482.67554408
1478.96519744
1481.53725685
985.351137437
1045.47590489
1307.02390387
1308.74868489
1308.91499231
1309.28344882
1221.75968458
1462.96848224
1328.1773492
1319.41146198
1323.33313306
1318.32730056
1579.56815988
785.41948978
785.268541743
1570.4825042
1564.09044105
1563.67016193
775.328065378
1325.68196768
1316.14502786
669.776280845
662.675454359
1311.30752853
1331.21012353
1296.97838048
1310.12527359
1319.68626811
1309.40580178
1359.42906036
1314.70212363
1322.31525208
1325.70122583
1381.37935941
1310.69243659
1536.68253359
661.314996026
1326.49697644
1973.35820204
1960.55821264
1877.6931116
1300.81267147
659.525650342
1478.01824087
1789.59443416
1593.4609404
1971.89978561
241.189071995
1392.33940575
1736.04817941
1542.99341676
1787.83761372
1515.89794711
1510.30261159
1780.82117345
662.363457698
1571.32086253
1407.41412707
1654.14566773
1390.30713901
1519.36196706
1794.8534845
1458.85619956
1442.812165
1533.59295758
1792.60661575
1545.59349668
1520.47525204
615.675399539
655.549430955
1552.28045812
1840.03383936
658.521056411
1041.34746531
784.915331721
1312.81210345
1330.0359051
1026.89687217
1304.50959029
1322.83527413
1356.39140683
1541.34751021
2199.55221931
2201.71623814
1528.33694271
1536.89269485
1548.20403062
1534.80955687
1307.16970849
662.386333355
1780.49165035
1314.84148422
1338.12270264
1311.80928298
1307.39841533
1542.96953319
1751.61197156
1515.1593588
1481.80832913
1776.44492594
592.848159024
1777.86974987
1549.14207082
1544.50714153
1527.69997055
1967.55565287
1323.10502404
1319.57407767
1403.58167116
1319.53589606
661.248448446
659.355181426
1534.71177851
650.595327525
1466.91496181
690.095736325
1548.52393204
1319.34052755
1536.9126951
1792.32605392
1759.9823404
341.423096201
660.25954967
1335.20794778
1534.41449835
1536.55940017
1542.5976334
1516.93413668
1523.89064184
1617.46368685
1784.6227713
1500.01734352
1592.91332802
1735.63963973
1519.31738328
1539.32230397
1309.51406712
1473.59770892
1468.45159601
1466.26540894
1533.11420105
1758.84156358
1764.21770284
696.932949531
584.319721791
1043.31709463
775.821763488
1049.51385205
1306.31108314
1313.05418184
1827.39606085
1510.79716512
1314.36678288
1585.77409874
1769.36570637
1440.61177122
659.366594391
658.213304537
1793.48339801
1559.68167431
1465.35737172
1460.5099886
1355.01666312
604.53016738
1041.56348904
1318.21346951
1458.74713503
1459.26195174
1453.59921965
1782.05287993
1458.75179312
590.593564484
584.10153572
587.048114392
1820.03077907
1048.28037549
1309.15110827
1307.57309027
1312.66892459
1073.99174749
1309.00105653
519.177937096
1452.42025586
1469.78367033
1468.59344711
657.155510719
657.488953307
1504.60343438
1718.53194699
1835.31400113
1824.96515684
1822.0284597
1569.67446777
1501.97228585
2596.93891614
2083.38324579
1828.67569913
1832.37164883
1310.95728806
1307.98840216
658.679217382
657.65862532
1572.84273184
1573.61708403
1833.255334
1551.5455931
1578.00336221
1577.04316005
1807.40863417
1720.91738559
1484.79036288
1483.46308383
1479.419856
586.098267214
586.958234431
588.301697228
1786.53098752
1562.79630695
1479.69769172
1482.08977229
1728.74569927
1469.95383944
1969.73541757
2459.75456274
2638.99739504
1315.68563548
1481.5524469
1547.99120764
1329.80468016
586.906508038
586.633665329
1522.01001274
1529.29878452
661.146989426
1094.35474841
660.02037732
661.670134535
1551.18754547
1759.03911684
1540.57757355
1540.33141892
1541.49370102
1756.87959741
1980.22369405
1766.46066022
1755.92633054
1529.75737424
1350.39271524
1313.25655134
1560.99751814
1570.60323011
1567.87872861
1570.30958861
1563.40402539
1310.17539408
1535.76140924
1749.74804234
1983.8578141
1538.37743228
1754.80547405
1323.51861853
1325.91396537
1785.82200437
1485.53766234
1485.96758762
1536.66993051
1561.29044793
1574.0592843
1566.67107574
1569.11716351
1766.14146508
1760.15698903
1759.64428003
1766.22799699
1488.25685571
1482.98930478
1480.53105855
1580.16599665
1562.0165118
1628.33271262
1762.61922715
1761.82019513
1761.30304965
1761.6582073
1794.39648161
1320.42266484
1320.77009601
1322.27849518
1498.26376296
1480.56519679
1481.75469825
1489.03650325
1482.40544204
1482.89263419
1567.52611832
1569.44796778
1569.87369691
1569.42890905
1854.68465612
1758.90669715
1758.78024124
1759.49421371
1758.55985268
1480.54757569
1481.10250425
1480.66330565
1573.13172874
1674.2613828
1724.95379577
1759.49298635
1319.82051531
1319.84909365
1761.02703781
665.318212113
659.526693653
659.080164321
656.945479104
1667.3743652
1319.56521051
1319.51281369
1793.05898564
1481.7745837
1501.56377462
1570.04559231
1568.76440726
1569.33784298
1569.83261046
697.253793861
1759.60614239
1759.77612483
1760.86151931
1790.101181
1479.93574875
1481.33279629
1479.62689447
1570.51974337
1572.95092676
1750.86174751
1761.18075266
1762.16361318
1761.95941366
1793.3518005
1764.41102284
1759.70452133
1320.39758712
586.978902209
1481.21725695
1481.58129776
1479.40456573
1481.956471
1481.61768918
1528.92313236
1567.36068045
1569.44370709
1570.00704282
1568.42828884
1487.64862106
1342.05719326
1324.70590062
1323.02239429
1494.46642979
1480.91433553
1481.43836617
1341.76470003
1517.35966628
1550.31129322
1561.15559708
1760.16768238
1320.19356078
1315.96059462
1784.31232119
1760.66055319
1326.03163089
2196.65348428
2393.59011528
1480.47859868
1482.2195043
1481.69101041
791.366939113
1567.47043011
1566.57537574
1566.04449812
1568.11456433
1569.95109842
1555.52691506
1324.86881227
1319.80015617
1759.74124209
1775.50471863
1481.22800669
1480.91094776
1480.86990584
1572.11383894
1583.37285845
1658.73942406
1761.64325815
1761.69274198
1762.23558101
1761.81132546
665.401563115
1759.74113001
1758.95497411
1327.72081633
1494.71188446
1480.68428208
1481.11102629
1481.38609631
1483.39416888
1488.66821218
1569.70699762
1568.49351469
1569.25401159
1569.90005932
1869.24472664
1759.67020685
1759.3109533
1759.6142225
1772.56509554
1479.44375485
1480.24266729
1481.39325905
1570.23780257
1666.10025973
1739.62220286
1758.62300444
1759.16604103
1318.99804184
1317.78938462
661.618414746
658.313786131
658.909435045
657.414300714
1678.92197108
1321.39140469
1765.68477176
1980.87433459
1480.13029793
1519.56471519
1567.93747551
1568.69378769
1569.80870376
1570.6441408
592.656214615
1760.65809089
1759.53186259
1761.70392826
1495.67391853
1480.90031894
1481.71830388
1478.31012225
1570.5377645
1577.58119292
1760.3966054
1761.8593156
1762.49823526
1761.83078064
1783.95211511
1761.32853289
1760.67715528
1760.35809891
587.585390466
1480.75250403
1481.23494456
1478.52612101
1482.35327462
1481.66435087
1547.15606559
1568.55046359
1569.77468867
1569.5616304
1564.06663302
1770.07900655
1769.8388642
1758.29329336
1534.34665478
1298.87048405
1481.31065587
1480.64508872
888.578463614
663.649410002
1338.12214761
1319.0403129
1319.73677741
1761.05019426
1761.30406392
1792.79161713
1318.58899747
1758.32152718
1759.43300269
1504.22483346
1794.22208945
1377.97293205
1784.31635482
1310.55418908
1564.92764199
1568.90291665
2091.15157534
2093.33889269
2093.287169
658.738856964
1759.31629264
1759.75491093
1759.91607826
1780.2898916
1977.74353336
1975.19966105
1974.92542567
785.704964302
2103.1504803
2263.0124504
2349.37194308
2348.49215763
2350.03933473
2344.46066027
1763.94877578
1760.03594082
1760.11861688
1774.63549693
1979.30762014
1976.42351179
1974.9015122
1974.53042183
1975.35749665
2007.56375033
2093.78551001
2094.0348369
2092.02333252
2093.48517606
1880.49199207
1760.0039174
1759.3347889
1759.45325936
1785.75147284
1974.65206914
1974.48303665
1974.87683163
2092.71423291
1664.24825634
1753.66735356
1759.86002363
1759.49288302
1759.3629742
1776.56596813
659.515879995
659.572107104
659.558044655
657.433137249
1697.55503381
1760.76216692
1806.12212775
1981.38350809
1975.93114703
2043.64408676
2092.5331867
2092.94045943
2093.94953933
2092.94807179
1775.96340872
1760.74205552
1759.7903796
1775.77745165
1983.84832121
1975.74222534
1975.31303092
1963.59689915
2086.31738257
2129.66858054
2348.47330177
2348.58729695
2349.14256093
2350.10911325
1780.47553109
1761.54932347
1760.70632673
1759.62690316
1991.72447768
1975.36612442
1974.74362098
1782.84325638
1976.21356863
1975.56411109
2081.72285669
2098.09571544
2081.54140516
2093.26469776
1849.9438843
1535.62983349
1320.66146445
1759.58954555
1756.15044117
1976.71075396
1974.69567697
1975.47188021
1447.85813451
1545.35755882
1551.17233289
1553.03270068
1527.66360981
1344.70951717
1759.17218532
1094.34578905
1757.25939612
1758.86279906
1761.29874938
1988.20249527
1971.33455338
1978.31764678
1576.67035622
1570.7023767
1562.78499525
1576.29551285
2093.70329355
2092.94918008
2092.89681869
656.876744298
1759.5861329
1758.88735674
1759.89502196
1780.85215281
1974.00046135
1974.40556516
1975.3077545
1321.64230681
2098.55756476
2321.3779107
2349.71518557
2349.23792771
2349.90537497
2330.86968499
1763.40952292
1759.63413359
1759.56296535
659.275249733
1976.49443238
1975.31203894
1974.73651662
1974.37121232
1976.21018255
2023.4101092
2092.87859262
2093.71017325
2092.23954398
2094.82697375
1408.99235201
1761.16835288
1758.95811388
1760.74368112
1987.50714214
1975.43513782
1974.89199433
1970.95483046
1581.09577001
1668.60350186
1760.63014981
1759.30290922
1760.41686525
1760.28201527
1778.34103389
659.857248225
659.135944261
658.621272564
657.790890135
1713.78979556
1759.40173817
1774.2028296
1977.34453505
1974.67863884
2068.78271109
2094.13446837
2093.84352234
2092.99586966
2092.91984277
1766.56257553
1759.75263922
1760.24780559
1807.99799931
1978.95028472
1974.88553625
1975.36568386
1973.23581991
2098.6073969
2188.85487106
2347.92197156
2349.79754801
2349.42980309
2350.21533315
1079.05733972
1760.36818336
1759.67401819
1759.72130055
1991.80199751
1975.0973585
1974.89648964
1785.31075114
1976.14346808
1979.64472985
2090.82300275
2092.24092692
2093.42568117
2093.36556124
1866.11350266
1759.75546469
1759.86877653
1759.60979171
1764.25564674
1975.80310106
1975.4036017
1975.34947037
1974.54087247
1671.60414156
1730.3719054
1760.05586347
1759.5590741
1760.37061593
1760.01536222
1767.17145654
1760.12324063
1759.82982645
1779.07219704
1979.14095173
1975.74946053
1974.62231347
1968.96743758
1759.79848424
1329.43708658
1313.13761488
1326.76965743
1324.61832094
1326.72338408
662.135197996
658.99660447
659.184411822
657.427965262
659.407301765
525.620758682
1758.83348496
331.91036958
1529.98831232
1316.36871787
1301.33762732
1325.61942506
2345.26556208
1769.93434192
1317.95332172
661.512589017
2288.61632068
2288.64376699
2296.44577129
1462.7211602
1474.0348786
1500.82858768
1657.65439796
1640.27932838
1643.69663554
1448.1464385
2064.88510485
2063.4648078
1455.52916185
1342.41274239
1319.62072344
1311.78142431
1314.9026401
2055.83214855
2341.91817416
1795.10514418
1532.51527903
1319.89001885
1303.00237629
955.925316379
1477.89923061
1768.15567806
1470.00934746
1772.78063355
1523.0316142
1319.41162457
1307.41211946
1442.64318299
1493.48704881
1456.83892174
1776.46100491
1437.83332672
1481.06471849
1464.58287572
1462.63645513
1465.53201068
1476.30833785
1709.75089184
588.238457714
1330.197872
588.128747791
1781.01687131
1520.1957016
1467.35551018
1461.07276328
1613.49164493
1711.27050745
1655.53985459
1521.95266395
1459.89623877
1476.43610661
1481.55951435
1513.69745603
1313.34062387
1313.96953857
587.694628116
1479.6244414
1474.46439494
1454.21183487
1319.76980662
1650.65682403
1316.10968142
1319.64539663
1324.05541812
889.101425122
872.823963523
1869.93951354
1653.46188401
1635.51357047
643.844623508
1782.82134974
2055.63010862
1769.25518849
1416.13645127
1318.1294195
1317.78763615
1654.32035225
2272.22105475
1739.77690493
1771.46259823
1484.93190909
693.988477642
1575.85579922
1277.58526723
1348.87506838
1498.74266928
1463.12986321
1468.5248278
1547.27211919
1501.39297866
1465.86197692
1469.99712001
1459.64218131
1472.18815085
1751.50128538
664.217380046
657.880175468
657.762872817
1696.7490867
1609.7232139
1467.31506238
1471.07127699
331.336021623
1651.2780395
1652.1718946
1990.99012433
1460.3401772
1745.5742824
1750.03939863
1781.94088011
1336.92960038
990.13162501
1295.72215298
655.909697547
1469.32605071
1490.23332185
1790.44940433
2009.86535919
2294.28552648
2296.72622444
2278.70788581
1746.21398147
1782.80862617
1510.00151405
1323.44808426
1307.18123114
1321.98699363
1585.92796444
1453.86017271
1771.20607237
1781.45286232
1771.2112402
1990.50533787
1647.51125401
1293.14737447
1142.97138089
1173.32300234
1187.31174973
1793.39572671
659.961032028
1040.08423631
525.932692425
589.743000664
590.488113694
1151.49406161
1786.79229825
1594.66862007
1739.72465867
1467.84657327
1474.62075309
1471.81754785
1467.69074617
1467.82405257
1468.61845576
1467.20157606
1453.03201415
1782.42270544
1566.91431755
1575.11419391
1550.61339572
1488.16665646
1483.69082192
1486.10507164
1472.66903412
1476.43219682
1480.16790843
1482.54080115
1480.09350357
1490.68625481
1738.1939758
1758.87205452
1486.29121005
1483.58809311
1474.28229336
1790.32692009
1474.94088621
1735.43261726
1464.23614972
1480.77397675
1473.14027645
1486.81929428
1484.51006431
1397.8810351
1659.321583
1652.70274187
1644.90308018
1630.7238048
1664.47154443
1637.26584533
1337.64389196
1326.20706254
1315.26723398
1793.08690143
1824.90593401
1679.32779232
1618.27669881
1651.08509971
1304.27490861
1305.07228078
1333.14632277
1320.04584802
1337.51595654
1626.77774685
1993.24700923
2327.08391911
2546.5885105
1312.70693014
1324.206142
1431.53557141
1632.48255098
1775.35674751
1751.3271776
659.6694294
1818.57098032
1869.49265239
1670.15850678
1659.51555376
1645.60693834
1646.39286679
1661.77532102
660.871919243
660.983976365
657.568226346
656.888377628
1791.28573195
658.252231011
660.162629117
654.419113202
589.172698467
587.576903317
1662.00580415
1784.65997133
1651.96524343
1645.77844638
1679.62834998
340.561992538
339.729339929
1554.64271884
662.044400411
659.64490738
657.817850125
658.912131972
1479.10199276
1336.60908112
1642.16496522
1653.50727337
1678.28186614
1647.51782975
1680.9236633
1957.66671992
669.249304654
1651.80489035
1309.60122431
1001.86111297
666.538886244
640.070471718
1170.07884932
1335.01698863
1302.6826987
1571.68202497
1792.57756389
1300.61794909
1334.1450847
1395.80955875
1406.42245073
1496.47113997
1464.98605334
1464.9221624
1360.01027342
588.127730857
587.360470028
1786.26757722
1803.85945934
1819.53377525
1859.51837584
588.451380979
591.489069468
585.653064647
586.617510592
586.600328669
587.217879982
595.261095417
589.872638294
591.445378022
697.368148502
578.172250353
591.659609948
2341.26595434
1793.6005725
1610.48697115
1540.68013736
584.262143337
802.689571851
797.384794365
671.342628106
1406.72694753
1408.88704244
1102.016708
586.438004176
586.166002936
1447.59146529
1783.94484263
1753.17111709
1766.43252027
1512.00224947
1560.2538134
1477.29438177
1770.61192079
1776.25193925
1467.43215496
1780.2170335
1445.89700507
1067.40647071
1048.86509732
1053.22530276
1037.23153107
1771.04195211
1787.3063538
1795.78691807
1785.59636884
1778.55592906
1326.26810539
2040.13068342
1330.13210231
1330.96168072
660.606224981
1977.40358329
665.108759534
1788.96182534
1619.29451122
2457.16136668
2644.44846994
2669.76885384
2653.94713543
1334.8874108
1762.18276061
1451.53232908
1479.0066035
1755.97164255
1479.25464536
1771.94056097
1708.48946928
1806.31056812
1598.05615765
1460.19035571
1466.69854133
1782.77875017
1700.97616769
1765.10828751
1752.19623446
1743.98716191
584.827121709
1477.99052505
1764.88988309
657.671457905
1751.83752628
1606.31862547
1760.77675545
1735.18016501
1610.33554381
1703.37423973
1801.27877634
1789.20190401
1766.18098866
1755.61704767
1744.04409124
1465.02659896
1476.01488215
660.879218001
659.574850534
660.332539964
1516.7358822
1575.45205149
1564.12876242
1564.31887965
1563.40753107
1866.2488907
1833.83154527
1796.80789829
1970.22657046
1975.5400572
1968.04780584
1980.94593296
1973.77221918
1975.35562226
1973.1817565
1980.17865386
1974.40316861
1974.06280095
1970.49418122
1980.19049709
503.074543669
1753.81939028
2100.45108629
2198.78225593
1955.97799751
1771.23073284
1535.88527507
1327.9730858
1349.72237831
1989.96570859
1763.00595401
661.475143184
660.290790461
880.06338222
657.2528906
1314.91051507
2016.38022014
1986.13911768
1750.73652408
1532.55613409
1747.3864162
1986.97699475
1985.8681761
2183.60033974
2006.2218073
1556.64942613
1506.67009368
1575.41930423
1574.18553365
1483.36444433
1660.44341186
1979.34394906
1744.4940386
1566.4769134
1541.64884024
1992.40218236
1992.44055596
1972.73678759
1943.92070516
1766.79363192
1453.04529223
1782.85723442
1480.57246452
1480.87900897
1565.278073
1570.21250321
1569.63444967
1568.91018758
1564.57932835
1763.15332979
1758.68161036
1760.34020648
1780.09704798
1482.58097104
1480.84103062
1481.70942338
1483.76222341
1590.02842481
1680.26481728
1761.37074
1762.03407507
1762.81456538
1761.41985561
1792.04159133
1760.62914424
1319.72190558
1331.17646
1488.18996108
1481.64929136
1481.58954349
1477.93763504
1482.21534813
1498.31219948
1569.42790654
1568.90968001
1569.69741979
1569.61442375
1873.23155539
1759.33713389
1320.62346125
1320.97676278
1780.58837832
1481.15288254
1481.91130368
1480.77022843
1568.93689202
1664.43711955
1749.07674345
1759.5636743
1759.25254695
1759.93566649
1791.13884458
660.295888953
658.461195239
659.858733083
658.654484031
1688.20087204
1320.63304828
1772.59962307
1497.20913602
1480.74550089
1527.07092121
1568.84069362
1569.43670228
1569.79203139
1569.46643144
1341.14523751
1760.13135677
1759.28953352
1764.91352424
1493.33078044
1480.7371256
1481.0918965
1476.31635554
1574.19988607
1588.55074491
1762.80565693
1761.69502672
1761.70100242
1761.91571077
1781.43989658
1760.72645184
1760.65772989
1759.77716599
1319.22811236
1480.80905005
1480.7020801
1482.18771379
1482.92474353
1481.45560339
1557.84071254
1569.00177038
1569.83264834
1569.82847739
1556.09473484
1508.74928937
1346.86464165
1312.73715841
1497.79151665
1485.50927477
1482.23344958
1482.72188561
1363.97000992
1529.80962648
1331.3233468
1553.93597586
1318.60362416
1762.14683727
1314.74138117
1107.27742343
1316.93813225
1758.87270817
1757.82480693
1501.63817289
1479.9134969
1476.70923194
1486.78477402
1485.90824589
1563.11316997
1567.17028398
1563.79891557
1570.60779463
1569.75760774
655.938058013
1760.46091665
1760.1385179
1759.61760943
1778.88368969
1478.80752101
1480.55306996
1479.80592141
787.684185343
1574.74886497
1719.55930823
1761.06841775
1761.36905641
1762.97500174
1774.5606082
1331.04252754
1319.84765241
1319.63630812
1342.17474588
1484.26563866
1481.43215605
1482.01981657
1480.60196258
1480.80603123
1514.51146706
1569.1628489
1569.17353858
1569.58911804
1569.78308432
1411.56158716
1758.93632086
1759.88820202
1761.52925675
1981.81241777
1481.36698387
1481.62907598
1475.12121416
1569.24972203
1666.1407724
1318.98630969
1321.4279521
1320.59895411
1759.63482223
1792.17347506
659.500840285
658.970875472
658.45867914
657.123066188
1705.6750178
1320.53640356
1788.39116328
1483.75107095
1481.38346982
1542.71485976
1568.75769303
1569.99056946
1570.5361933
1571.04038588
1333.8321257
1760.06641491
1759.6737701
1813.7088356
1487.53848247
1480.76105439
1481.9946329
1475.86838145
1588.38450496
1624.8224445
1762.70637661
1761.3246548
1761.83781462
1761.99727853
1791.87733398
1320.09919871
1759.73116838
1759.26813703
1499.14020696
1481.50100146
1481.18247966
1488.49303517
1482.11061513
1482.56367156
1567.04466409
1567.34021507
1569.32155032
1569.46835197
1852.18621824
595.185151291
1322.15696519
1318.02105497
1760.11888858
1298.72748724
1479.77541779
1480.54892606
890.474114235
1112.05772451
1313.80451178
1321.66855206
1767.35221586
1319.1429859
1321.50804305
1771.55816063
1974.48163813
2197.66936492
2184.71860614
1982.45024057
1480.59970161
1479.92562218
1313.71435614
1309.30559811
1565.55668123
1570.73138882
2091.69871853
2093.42993324
2092.86904698
661.50514555
1760.36612766
1759.62123445
1759.42545433
1785.57835964
1974.63409299
1974.85393915
1974.66762419
1314.91679885
2097.27452587
2334.87478137
2349.81497604
2348.59475973
2348.99107858
2324.27369563
1762.31227547
1759.31314426
1759.83110924
658.429877746
1976.45645933
1974.92043272
1973.15431279
1975.53816068
1975.93229628
2036.61755722
2092.53271677
2093.13367388
2093.49501997
2092.90085739
1407.59730615
1760.36400789
1759.88078147
1766.05803127
1983.03002631
1975.93654237
1974.97140082
1961.31564379
1675.28869014
1674.83876781
1760.33047293
1759.88625164
1759.71684508
1759.81847572
1780.00909875
659.288435607
658.263898106
657.763679455
658.752308161
1720.52458399
1759.59884619
1775.82047655
1977.61074389
1974.75031072
2077.52867603
2093.47066684
2092.91884595
2093.22717048
2104.48467299
1763.21029069
1759.32929141
1759.93060239
1787.21204049
1977.1445811
1973.82221831
1975.9117832
1969.5718276
2107.23454293
2217.94840912
2349.26288463
2347.77940145
2350.16112143
2347.9727977
1812.36184271
1760.07308443
1759.60409096
1761.78021945
1988.96684193
1974.59502753
1975.9229353
1972.75321495
1976.32183331
1985.71402423
2093.41153387
1973.12061905
2090.35982583
2093.5056093
1870.37899599
1516.75883295
1321.99157765
1759.66019328
1766.33653644
1974.34433851
1974.4807789
1974.45945603
1456.901853
1549.51542173
1549.62571685
1558.23447185
1758.3429244
1333.45853342
1083.50338407
1761.3076722
1757.37787053
1761.03989835
2885.38520569
1978.22637058
1973.49237823
1976.98502312
1574.94011708
1564.18926271
1569.06048849
1567.92489894
2094.07189009
2092.37833583
2092.57676826
663.074071814
1760.39553348
1759.86438469
1764.80260821
1985.80267496
1975.19939683
1975.01371645
1967.13415035
1574.30189905
2107.26908219
2344.81038951
2349.90195088
2349.4414995
2349.7357558
1779.17508978
1762.11005595
1759.74953745
1759.63908774
657.412047648
1975.53977531
1975.12618424
1974.84915978
1975.89478217
1975.60296448
2065.35276684
2092.57991973
2093.5489038
2093.60314832
2091.43129493
1767.63470446
1759.74974624
1759.77538635
1505.53277649
1979.7347655
1975.62262543
1975.33649074
1967.18739569
1681.50244191
1688.68019422
1760.69779604
1760.23084387
1759.34848224
1759.73412538
1790.88934764
659.496638966
657.47369256
658.226728258
659.716347576
1733.14895388
1759.90013351
1777.26444731
1976.91236166
1978.11508047
2091.01917809
2091.61611057
2093.8692382
2093.29055043
596.110788274
1760.0724542
1759.99619376
1759.58510356
1777.54625111
1975.22837089
1975.51952167
1974.30081161
1568.55583002
788.022641603
784.904772807
1572.0707149
1564.6543726
1562.95638523
781.594414986
1763.39913957
1759.70742037
1759.95567582
1571.88334878
1979.96404769
1974.54227398
1973.85993141
1975.38527953
1973.91690554
2002.97179946
2093.26620411
2094.0907982
2092.60439802
2093.43665587
1868.45847545
1759.38135591
1759.33023216
1761.09888935
1786.40408899
1975.04284514
1975.02542152
1973.2028193
1394.309916
1663.32136997
1753.45069757
1759.4863965
1319.43471189
1314.46551681
1775.53845741
1763.60420894
661.602477666
1303.92406972
656.861997686
1974.91247975
658.693481147
1973.47481363
1608.12891912
655.723477209
661.746158848
658.319737707
659.339971485
1769.43714167
1976.17989829
663.079456561
1765.71131316
1525.41468364
1297.95942098
1554.02121672
1318.29610594
1973.87081497
253.808953007
1478.43817735
1578.63025521
1633.71450561
1561.83964661
1562.36858833
1310.10107459
1783.91552986
659.132211789
1571.6469597
1309.91427093
1306.09547849
1314.97407525
1543.49429388
1783.74419298
1570.53968466
1385.00802058
1608.41532335
1770.54578121
1524.29903529
1318.68069498
656.4050773
660.982251662
1568.17126046
1404.45095807
1310.44456028
1514.83329295
1387.81012281
1000.9428416
1008.49623961
956.348870129
595.1252591
622.491021232
1581.03712155
1772.4994667
2096.95070159
1788.37068576
1539.22502638
1318.87553727
1830.16967266
1310.44672354
1090.56281969
663.80857889
1792.95140913
340.587119895
673.338772431
664.931767132
1409.35282908
1323.31295991
1540.19252806
1453.58619929
1470.56306713
660.351210579
1894.37395355
1776.93434845
1591.294769
1607.34460077
4903.76193567
2021.12206869
2226.01812597
662.602830309
1405.33177205
656.426868867
1312.22351931
1554.31156321
597.716386201
662.787192703
1523.07700844
630.387396058
585.465664797
658.02879743
5188.47744364
1979.74668366
2215.58186096
277.454327247
2672.78291881
1332.21855977
1316.84823202
1541.90051667
1483.32031815
1469.81253743
1536.91703343
1476.1497242
1366.11701162
1387.12551754
1588.74107963
1681.40907025
1375.37787777
1291.77878726
1322.26045008
1472.46118481
1467.7601792
1468.3073968
1495.35520645
1763.87462449
1753.84188644
579.270990745
593.342504074
1035.64308294
792.323979192
1811.9133529
1725.11646348
1814.67301129
1313.00753099
1305.54620072
1575.62053687
1600.49014033
1475.0298909
1471.84630447
657.379314533
661.414249198
1598.83022421
1566.15121949
1474.05087953
1484.56952185
1356.03694031
595.321188907
1036.79004706
1335.46499867
1466.89751229
1457.48365929
587.577097319
1790.77493472
1450.26411886
590.080207535
1172.24221365
586.102096113
1298.46511955
1311.66717982
1788.64923611
1306.89303236
1042.0098194
1336.14947241
669.452531376
535.590110102
1474.33352702
1458.04563561
1754.60938379
660.276117378
658.358020821
1768.28603923
1717.56103094
1806.22562972
1572.81728906
784.981152491
1814.58168305
4849.97895355
2322.34948816
1806.70745654
1822.42533577
1541.52885529
1303.5177277
660.229065031
660.583353197
657.684828378
1560.10274167
1827.35586297
1571.10721932
1795.53815726
1586.08911765
1825.21880118
1717.19386926
1480.74370427
1477.77285024
1485.74024846
1473.23788819
586.381557949
585.992630816
587.207556538
1805.05922983
1560.4905802
1482.05014341
1481.21361221
1726.50839981
623.523107798
1728.44934212
1983.01572925
2195.74160891
1965.00014818
1515.88890336
1315.11404
1318.71093514
1339.93866609
589.363733061
1740.19499894
662.049090166
661.969420966
1320.66942628
1314.0189666
1316.08128921
1768.35307411
1756.2687796
1753.1219168
1543.26753425
1542.03395582
1980.17063761
661.533259839
1984.25932122
1751.85460216
1535.08643292
1569.72363288
1319.73715579
1568.15328057
1573.29451397
1570.93541844
1316.07615605
1320.39172863
1327.26934369
1100.64741636
1321.7613642
1269.65661328
1371.34435212
1347.90792463
659.151929888
1325.5783796
1781.49754784
1481.21480085
1479.59884696
1571.47991248
1567.67408334
1571.08705328
1569.62963868
1567.53880146
1761.13188523
1761.77117589
1763.72318489
1779.15399885
1484.4939135
1976.20649609
1482.15021418
1319.14411784
1401.94586831
1668.27413184
1760.9629702
1761.96485315
1759.49317324
1772.71240749
1780.45954825
1760.51514258
1761.77753349
1752.13251907
1998.28739331
1985.28736166
1984.11983505
1481.85345035
1481.10877619
1988.3054966
1570.18517012
1569.46613922
1570.59370134
1570.2639278
1870.81002558
1762.51412765
1757.70242309
1753.64408131
1744.68960707
1973.7374012
1483.18487979
1974.59534419
1827.62169426
1680.16756552
667.893869763
1755.60123157
1319.97827359
1318.61712116
1504.5228945
661.735499527
662.801696317
1542.94903587
1537.68231865
1524.78761498
1328.51504964
876.128633857
1504.37589655
1480.35040896
1521.96669914
1828.0379085
1570.67700118
1560.95012633
1567.53555054
1554.19855732
1379.78065765
1320.51455352
1764.13840658
1500.84475189
1971.84082752
1481.31118675
1476.12497711
1321.72123137
1480.0585658
1720.62763288
1763.91370349
1760.74191751
660.469992706
1783.53052083
1763.3684942
1761.39251173
1762.08838738
586.340540549
1481.3899642
1480.40827802
1478.80381221
1479.70206186
1481.07274333
1549.27540727
1568.69233219
1569.18349508
1566.23834597
1566.77460975
1321.26979537
1324.98110319
1319.02027511
1493.5440129
1485.89638617
1481.37014464
1481.94830105
1476.93221801
1542.10453469
1694.15622843
1319.98889134
1320.3769727
1319.21298767
1320.28168133
1075.93794761
1758.61149123
1759.61432143
1321.0030342
1499.76767183
1479.56442483
1483.48168258
1487.61415853
1478.7648165
1481.79528737
1566.6926484
1567.96577472
1573.87619467
1571.37431033
1756.4567351
1757.86835083
1319.89593134
1319.64584681
1777.21163588
1478.8597207
1973.61305109
1482.43171973
1532.93728272
1578.66000706
1708.80667507
1761.43334857
1762.19945151
1761.05203898
1763.37429938
1330.30136235
1320.23788063
1319.40586703
1774.87860224
1486.82447998
1481.63561767
1482.23415044
1479.98039073
1974.48787907
1964.87309676
1567.73555135
1754.65753849
1536.47979405
1563.23702362
660.289074673
1757.0683724
1319.62405896
1760.62633616
1366.92802922
1480.66802668
1975.30040014
1841.04544238
1969.38913888
1664.1026195
1317.71218546
1320.58496633
1319.30852469
1759.55974165
1794.6720988
659.778778152
1304.60562096
1304.11351696
1816.77408756
1544.30380889
1833.55875763
1823.96811365
1485.3088346
1481.65359514
1535.06372022
1570.2794
1570.37702255
1571.01131908
1569.7816409
1341.29273913
1319.78824748
1321.14752625
1349.97227006
1488.37647032
1479.22561768
1482.22769331
1979.94435913
1974.82665419
1973.83817305
1764.48259639
1761.26540656
1765.05584433
1762.68026568
1534.64119518
1564.0369257
1825.15835286
2161.16954786
328.747851856
1482.15915755
1481.59618714
1486.95933009
1483.00303749
1483.5889202
1562.35375155
1569.85679829
1569.97600118
1569.32533971
1558.49410886
1754.51840171
1320.99606421
1756.50606301
1765.55710707
1477.15336415
1485.71867329
1481.34048232
1563.16605731
1687.35879798
1712.76793636
1319.22978867
1774.72317686
1319.22016538
1759.67761718
1795.0875293
1320.88530806
1319.31380986
1324.03066548
1491.6572687
1480.54483237
1481.08051568
1788.35439478
1976.42616902
1991.01354102
2094.41652496
2092.31113417
2092.92842637
2092.98276571
658.567767961
1759.16858023
1755.22763405
659.923811574
1780.10214223
1973.5367902
1975.2262941
1975.35453917
1176.62942952
791.42383042
1277.96293101
1481.13055108
1480.09876294
1592.39381647
2326.11345359
1761.87285441
1759.19087602
1759.76723378
1759.54843118
1975.29881113
1974.80027586
1973.49334554
1975.90459036
1975.39029919
2027.53569753
2092.56046806
2091.94141761
597.39314841
661.974157145
1335.7013418
1761.16665247
658.311146807
1763.36324294
1988.05054811
1976.17210583
1974.51250907
1961.94068916
1977.98470936
1670.03977064
1759.68472727
1759.02998438
1760.32353742
1760.19510951
1778.89362126
658.945063492
657.968239945
658.97105912
657.801345964
1711.59171789
1757.28692709
1774.09887697
1977.89944769
1974.95515796
2071.13364155
2093.75060775
2093.17668028
2093.25478854
2095.98962044
1765.39828345
1759.31030664
1759.77989003
1803.17421984
1978.41375839
1974.72439307
1975.33416281
1971.79787946
2104.51465521
2193.23971195
2348.73926194
2347.54694771
2350.10100084
2348.37745061
1810.8416307
1760.48452408
1759.51642868
1761.28834371
1991.08757405
1974.49523084
1975.95332241
1786.23158904
1976.47423087
1981.58059844
2091.99563889
2092.88302421
2092.43992495
2093.72253095
1479.6813133
1760.40659591
1759.65525316
1758.41229633
1765.14551484
1975.38664888
1974.7138782
1973.45015315
1959.70974002
1669.27652155
1731.48972251
1758.91959078
1759.51665118
1760.11742872
1760.02579891
1768.6704041
1760.24907744
1759.46147093
1713.64053779
1979.33280878
1975.48051587
1976.11166902
1973.4367534
1974.88539981
2013.06779527
2093.26872412
2093.17144704
2092.3162453
2092.73296518
662.400363675
1759.50115436
1759.86746401
1763.28191334
1874.11664496
1984.84749982
1421.95851272
650.444541527
558.288664719
2101.23049108
2341.86220152
2349.18416527
2349.99107508
2349.08970391
1772.43083394
1760.94246005
1760.09726697
1759.92458044
1891.30180872
1978.25067757
1972.88308593
1973.25068867
1975.49228422
1976.89551802
1902.22481247
1761.33541371
1603.33620263
2093.71479071
2092.17224546
1767.28577215
1760.38563855
1759.61415873
1760.87386348
1980.4268261
1976.56219128
1974.97803584
2009.17167317
1683.58953501
1682.59981322
1761.10588774
1759.45142494
1760.05599286
1760.48652016
1784.57500766
659.065951112
659.54318776
659.648245822
659.397462891
1730.24471563
1760.9127532
1773.57130374
1976.75246944
1976.69499713
2087.25112972
2091.74900654
2093.61495201
2093.25799965
2064.48430158
1760.56574154
1759.99558203
1759.48397665
1780.71284298
1975.30355124
1975.16024355
1974.47085319
1971.74398634
2104.58214596
2247.37006563
2348.0825299
2350.06942033
2348.45341648
2347.42313417
1985.31550193
1758.09542187
1749.81864415
1319.06106637
1984.66258762
1975.31723579
1975.64763635
1975.22269464
1974.29458511
1996.0761879
2093.14796468
2093.90507028
2092.64530951
2092.2482217
1891.42311227
1757.27636443
1761.22452871
1761.06059892
1777.42981171
1974.97976615
1975.33092782
1974.08978104
1975.97208893
1663.54637604
1748.92580947
1758.82616912
1759.84855388
1759.525999
1773.99977855
1763.84606602
1759.33216378
1759.53484348
587.750399543
1975.63299323
1974.95243633
1975.92532119
1970.71509628
1760.37942723
1327.86871499
1322.96266836
1325.66101617
1332.59158442
1327.93335664
661.97868485
659.714132015
659.836505142
657.732548222
656.314581021
1768.1604723
1759.59486915
248.487958453
1335.5774818
1332.44461737
1328.61703952
1328.31318522
1312.42655992
1332.74578708
656.702050662
658.099587507
658.953301105
658.915100661
658.829659606
657.579958751
987.375868812
326.761406737
659.729085885
660.265688346
1328.5616175
1045.48358444
1323.80254286
1060.34690757
663.382223514
660.788927269
659.436125739
659.459190673
658.339954191
657.755181239
656.624510108
977.75675226
535.790663104
657.627183829
1334.37805184
1312.23991395
1320.74397932
1331.03569315
1351.31406479
662.354855481
661.00038429
658.397275173
658.755360698
414.045728027
405.49161997
210.959076094
1787.89528373
1591.81243451
1408.2132732
1392.15564157
1403.9085771
1406.71033497
1404.73012207
703.617296797
695.833773671
587.696386584
587.573058637
1780.39205751
1589.34594515
1790.9409738
314.715840232
591.338127881
1421.04042629
1412.56216105
1405.60980767
1389.85754606
1404.13188453
1415.93946648
592.023382949
586.719726308
586.107658186
589.781034149
588.969875595
585.878437807
584.285932081
1787.54836669
1588.3550663
1435.80009478
1405.76531706
1402.86892134
1382.47269507
1412.03321642
1477.76665735
588.294483727
586.394187109
585.899454507
1788.25468554
1066.52564893
773.067519821
330.244213724
583.569776828
588.074328868
1425.99865201
1406.70372434
1379.37019254
1399.72813997
1536.50468605
586.792128319
586.89358315
587.023765722
586.669731687
586.597124682
586.071813644
1794.80937499
1607.7421745
1318.73841073
1329.64861287
1324.7260346
1323.80667014
1335.45963894
1327.80584857
660.670857236
659.72712502
660.026777258
1811.9404997
1574.72236491
1946.00493887
995.531695472
341.127720833
660.385776683
1334.85292793
1323.98404716
1327.32608991
1322.5257069
1338.20905162
1790.48432817
657.694175332
659.546839362
660.948117667
657.117784245
658.074456427
654.594771487
1783.43466281
1594.08668584
1790.32913853
1330.20125802
1063.5357236
1343.11705588
1052.093107
1853.83963701
658.005642193
658.26215251
658.967750891
1760.33721449
778.977700475
777.072444395
1758.07069554
663.891448562
661.44434875
1330.78955984
1324.06092015
1344.30886772
1329.42408962
1870.82215917
666.182879361
659.217942047
658.982937548
657.787904663
657.392740742
661.719059071
1792.15975278
1578.83205014
1186.06572811
1547.33994215
335.518880916
340.244804071
1551.25989809
590.98666585
584.383194071
391.842843905
588.186219981
1786.17064255
1582.39231264
1789.99475015
331.166797277
582.147133909