0
0
35.5660639434
51.3330181487
0
0
0
0
0
0
0
0
85.3853127652
0
0
0
0
0
46.3083257559
0
0
0
85.4997616549
55.4013637022
0
136.579421988
390.705058497
467.870747741
471.541479402
468.34625006
467.728868184
468.186295686
467.961889801
468.540928991
468.025139736
468.546132347
469.05622811
468.42829012
468.821955885
469.041596873
469.737642397
469.51355401
469.61834234
468.932360589
468.624896845
468.444149461
468.641315283
468.328478333
468.878897841
467.705459576
469.039223905
464.117743999
155.428393474
156.967665833
154.999459932
792.77169905
792.111318996
791.992998467
785.633032113
789.138558024
155.395029875
156.276463505
155.801300257
155.25482806
156.304578384
155.817796389
156.033536894
156.78477569
155.904868897
156.245632961
156.515507756
157.317046591
156.176786605
156.053785218
156.630020973
156.177986284
156.865594025
157.015960381
154.76583787
156.854920969
317.773386776
312.676729529
317.934926235
312.343972214
314.870251822
191.519625689
198.203582466
310.100543001
312.146537715
313.783219839
312.249937185
312.243552748
311.180217298
312.013465694
312.246555683
311.948620874
311.780366715
388.755883201
393.08659504
394.985836438
393.211740131
394.737533021
393.195726179
395.04929967
312.837218625
311.697054017
314.377351445
152.3630543
156.812424692
153.835635989
157.485591141
313.993624874
155.036855295
155.895308498
155.397149506
156.22893579
155.463620988
156.941891502
320.217863697
311.789564572
681.063051724
706.685489753
700.073627667
702.948208039
701.098902147
702.610623535
702.378301572
701.925583294
701.705200247
701.49872351
411.625442277
702.177276449
698.293852511
792.991950983
790.977752312
785.057060038
790.542087408
787.695245006
703.488029075
416.60328614
791.522179739
787.342687636
694.843837634
701.265495413
702.408571936
702.59572074
702.972074125
703.191271815
702.265698698
702.714472053
702.16861501
702.954667595
155.911778352
626.770452759
624.082341095
160.657995992
313.982564602
158.696068339
158.458551638
154.750106731
151.444839986
311.268492205
393.788156561
393.798598905
393.149157538
395.339771314
394.891251269
393.511982088
394.593136234
393.358372847
311.615409516
628.863292573
626.340936484
626.396780833
624.63487258
624.416488817
627.342350436
627.055490181
625.019661013
150.756180443
368.732677644
628.039111305
627.228942754
309.445171579
304.280123706
313.72355925
310.170348146
624.561236063
197.189299467
307.568610846
306.005650955
310.529137892
626.901003703
312.118504315
306.62831565
386.297745037
392.735521775
397.042440752
394.913056137
390.186032699
468.192894888
471.248207392
467.771737309
467.605703167
469.190892535
468.305723574
468.676796972
467.507447597
469.767485684
470.305765647
468.120056954
467.477939833
467.967563716
470.364013049
472.919662111
389.345099621
197.027188558
395.230299577
797.397131618
786.558606571
788.340159638
795.473266893
195.856690163
196.131241762
198.863706138
197.345707154
392.986458983
394.613206525
391.985763332
393.422233521
392.545365448
790.280232003
788.752126688
358.573874421
327.464411893
328.668595341
330.551182127
328.979531711
330.51046583
330.811471751
330.722855826
390.368165111
393.061434942
396.922014601
525.57937737
527.456072677
536.168595282
521.593874676
527.937250397
535.473592274
509.165337235
543.248946551
509.26168562
523.25108434
530.160591435
524.192927127
523.93208323
530.542093107
521.8856209
529.806077737
528.452210709
1057.59372959
1056.05734238
519.075203653
527.73552783
1056.8386593
525.193638055
525.434480485
526.700797352
340.887199978
329.108695991
328.32797414
330.044495232
329.415787318
330.99650085
331.540730808
330.866430017
333.471008171
333.737540225
792.479521681
785.663426736
788.889556373
794.086164923
331.150985785
331.560829551
327.326698995
787.779191499
786.03738414
792.665791999
942.417532574
940.304919152
939.365979552
938.810184203
941.576701083
939.136280501
944.082015468
939.637163328
175.01854079
937.162205499
948.267496514
935.258955772
946.207090779
278.386769056
276.51782612
350.156819248
176.411246455
176.50962725
175.180979746
174.53425641
175.347747206
175.491243147
174.88730547
175.44862181
175.445239014
175.732019689
175.863571
333.431130618
325.88636851
326.009250476
327.011330276
328.212056617
327.601916191
329.755700566
332.668037455
329.086767782
332.208404982
837.027820543
833.285640815
834.812065675
834.227778243
834.345571554
835.896668416
174.886221819
173.583046878
175.017408341
839.913901157
839.113764842
837.865365903
352.057667838
262.437041491
179.083706978
351.567331039
351.041523163
173.371760354
353.475750501
262.206665377
176.940768346
263.375361909
355.006817472
349.745426016
792.256651091
794.534441895
788.517854951
785.1746076
351.175608748
787.226360564
350.604924936
349.439963135
792.915091815
787.047746217
789.634001805
790.070318791
681.754137261
706.395484167
698.901225679
701.814367278
701.615185203
703.227813169
703.198838436
702.054963524
701.141942062
701.910860567
701.409867624
700.964181961
700.260644641
699.631577697
344.92467168
173.861958001
174.588974763
348.121547782
701.345885037
701.466019283
702.077179016
175.250934226
405.962417468
419.229164726
422.048836929
702.090191173
701.436368702
702.434575853
414.866268304
418.833009738
784.931306381
791.884556429
792.104613879
787.808038556
370.079193192
369.673823368
371.624925904
371.540028516
370.450605736
371.359017391
370.716045217
366.426960548
375.47593362
384.751206235
366.142278513
357.622648184
356.301887915
357.064961226
340.90509971
367.08457396
390.257337809
589.143165605
592.815957907
387.261575755
379.130673185
375.326688993
374.320263471
373.344178831
371.830957331
591.006877134
590.393075422
626.682838377
627.590700529
626.551549597
614.996036812
627.389918703
625.901702834
625.985968918
628.049370379
619.169938088
625.968495858
624.893994839
629.249915932
625.492380893
312.504184638
308.551846572
312.198791171
625.200279662
312.798472106
312.628318256
310.505730261
387.885288313
392.865867653
395.197599239
393.240144539
395.090670771
393.130719673
396.312358183
395.403166272
393.906902483
393.879354004
312.123842921
314.092780119
524.614513004
528.709687094
525.43323366
527.649993043
526.32478014
525.20752873
525.450704943
526.386654407
526.001173204
526.497188314
524.922206078
526.89098509
527.04473784
322.357724813
321.350952359
364.441444549
364.68417285
362.586365663
325.724052632
317.383000642
319.370630852
324.207228302
331.166147802
185.547453575
190.590100708
372.12981694
370.726358762
371.291760917
369.711270395
371.098798998
373.434086445
373.044758879
370.548276973
368.871158798
368.901136648
370.924137014
370.566582523
370.616921589
373.800936047
374.335433932
369.307981239
468.379167051
470.799983198
468.802369389
467.701456181
468.488389317
468.745960299
468.310901462
467.695611362
468.675873613
468.311955323
467.769565674
467.868314296
468.355159035
468.946146841
469.103445911
318.102420035
307.107634456
1199.93671838
1181.88593566
469.038090461
1185.48417045
1183.7073884
469.169671628
469.047695838
1181.94287076
239.354695461
317.561371422
310.416914104
319.156611217
1062.87157652
1053.67042321
1052.80332165
1053.30865999
1058.37440169
1056.26190822
1057.55149571
1056.39234444
1053.40341891
1055.03096347
1056.2119485
1054.49383492
938.479299346
942.001166844
936.593888021
944.12904201
936.70910143
939.42636271
175.224962363
173.669740683
173.099300662
833.988761815
837.619352452
836.028876533
834.412051501
837.407868459
836.778414004
804.911924525
793.702470482
795.347348893
789.20648653
806.224129409
838.26273217
833.688057807
835.299849015
837.207965818
835.7141436
835.940264966
527.045400531
527.581843836
525.378939643
525.947423836
525.704802085
525.844350042
526.487066273
592.603594508
1183.18345332
590.716776228
524.851722896
591.664887796
525.146916107
531.48556622
528.968275074
536.284711492
623.934197022
627.531584463
623.729924965
621.434138073
626.422355981
627.065439775
624.151008873
156.460438848
155.76595509
156.229713307
156.082466306
156.356066884
154.306394182
390.02150836
394.071999221
391.602373001
392.142656216
163.493490883
157.325593206
151.49632992
153.872461195
313.452703619
312.257170649
394.034726652
394.416323812
393.715537904
395.874278092
394.112010336
392.199568338
394.175729779
394.019756177
311.778080178
313.620398868
154.161931808
155.640568705
155.240527518
156.979636607
156.430827481
156.473123965
155.864940669
155.496101545
155.536237433
156.050560106
156.192088732
312.181104524
621.57818043
627.325526811
626.834037228
310.251720495
310.368527078
313.004119662
311.54023076
313.989608874
311.119739058
310.946722985
311.21008435
312.66528765
311.950204214
313.410851156
311.025495429
391.11399541
394.562076336
394.385176349
390.386866295
468.128461535
471.079116414
468.232623547
467.627550387
468.140521532
468.160044746
468.858609435
467.99011495
468.409578813
469.225734879
468.262576555
469.398000632
469.426318162
470.255101966
470.286869004
470.051251387
469.290821535
468.119561097
468.422896546
468.462730602
467.985830216
468.712273053
796.747266006
790.731864915
791.544520599
793.636195991
789.93368913
787.399720158
787.44298768
792.87360657
154.923653304
155.74480582
153.288150021
153.844266111
154.98080366
785.312691425
787.18957854
790.809603248
788.331742522
788.080094555
789.173541667
789.311039573
787.209591289
314.365434652
314.354439591
312.629989551
312.563619156
313.581632003
314.072510397
310.934213841
311.148595863
310.357533623
312.060907638
312.143590556
312.956439723
390.045924015
393.182932053
395.388956685
393.685471448
395.001007584
392.969630545
394.50075348
394.760897278
393.34499334
396.292641105
686.340352465
704.3339438
702.255178616
701.976936155
701.577948732
703.173024191
703.017937363
699.575662874
696.880230848
800.654758313
789.485159701
697.361016013
704.161914632
701.90157728
702.371980685
702.570279321
702.512209675
703.836206497
704.146765737
662.603034483
661.882221741
659.915455521
663.731085933
668.32091343
685.834165798
702.293097522
703.406474063
705.617774734
797.10640587
703.889926514
700.697818384
695.744051761
698.439818995
666.882855982
704.3809817
698.274785881
702.172367207
700.97233534
312.947254989
156.162694009
311.990295928
311.795930907
312.334412519
312.070640503
312.449348181
