0
661.267303865
330.813230133
331.023122008
330.535805968
330.648921029
329.631510834
332.925325708
370.107344241
371.862426431
371.166959002
372.033632756
371.334996353
132.960283886
118.981715926
106.276468043
95.4667675274
85.8402062051
78.9855040718
72.7552315853
70.1708985466
66.0154898933
216.519406567
101.125653963
59.3758327628
61.2493608922
60.8693792037
61.2599124332
61.0072040057
60.8986736681
60.970130398
61.1623036716
61.2109364035
61.0066761087
61.6773098131
60.8268257209
61.0014038093
61.3472388196
61.6222889853
60.7700183614
60.8861688688
60.2935820397
60.776695944
60.791331318
63.3897241391
61.9722664895
60.8229284908
60.5186953952
60.8129407934
310.071293691
287.620676869
300.328825388
302.543214663
293.833574224
288.669940859
336.483001093
322.923937255
335.937971451
335.134613108
311.779595956
304.017031109
294.171451816
293.997613877
293.163867956
301.492194125
590.882752516
589.49658355
588.981178494
291.115919402
293.438603407
314.824358721
297.70535907
312.253934468
288.067496886
303.487591773
301.99518607
296.681252223
296.175902705
292.551292244
296.964597556
297.798385377
293.345467011
292.92900855
298.003219433
293.353156497
323.726702134
53.5478009504
40.8971429527
43.7108638135
51.4487614729
58.8151759701
61.0559298422
61.1208065377
160.28394075
61.7117320458
60.5439149997
60.9300445346
60.8133201282
60.8833150516
61.0161290337
60.9086806025
135.340475097
59.308584254
61.114404717
60.9131229461
60.8088291485
146.696395917
58.8346164025
53.2396566021
54.6618174336
54.3124114805
54.598823471
54.3837973849
54.6114647569
54.3464168838
54.5859835074
54.4041791853
54.4743281424
55.011447366
54.5209634868
54.4665218455
54.5752441826
54.4047737471
53.9280514165
54.5286989113
54.0625647969
54.9124803849
54.0094396018
56.1586852362
54.4403220446
54.8347435149
54.0845036522
54.1343327303
54.2786009252
277.606512214
417.695027026
414.739416212
54.7293714178
249.45326539
439.494590439
440.810592074
440.539821698
513.704914474
493.381678435
495.3451965
493.652293052
494.25742763
490.156142013
331.290037641
327.899946553
325.132299333
332.2802361
333.375648352
660.043275742
326.455635185
333.194824638
338.074745777
327.94871707
336.249256339
334.062319398
334.814972778
329.847302148
328.41988649
336.933338006
332.84141225
235.947638106
344.46310818
330.090500554
337.996665857
74.9117211933
43.3584951006
40.2534681533
40.87072246
40.91110709
105.550339256
45.7751309106
38.4406216259
40.029070957
40.0213523301
40.6827553154
40.9409766034
41.1392201394
41.405121709
41.1308360653
40.7182049289
40.4563791453
40.0379376625
40.0626590829
40.7112485462
42.4082576212
74.6238224387
59.7224370914
60.9853131421
61.0635051364
61.0915722972
60.3712601593
61.1290655943
61.0581021421
61.388984063
61.2418583111
61.0086742712
60.9116155619
60.6391893522
61.184472594
61.655501761
60.2282930377
61.1138297869
60.8045798964
364.226777962
368.501948292
372.994399645
60.6457532521
60.2824743793
1112.25103224
1109.43455261
366.817698215
331.707725153
315.834510867
60.469789851
286.739774019
297.869679356
240.10633518
332.765160465
324.137403349
329.803749857
321.569316435
331.896685865
318.665556418
330.764872222
321.070550694
322.872366745
323.73595589
301.185534893
296.240404391
297.801789611
291.959034302
295.622212875
294.428624703
291.102216327
293.593395757
295.148427414
287.429547207
291.922697298
296.369075269
292.794542004
289.330415246
295.664981718
308.300261211
274.278785462
276.911974407
293.041945212
289.640272051
105.88872513
47.6837749881
39.2738204146
46.1170963616
53.4550644257
60.7019116228
61.2451358934
61.0224934606
108.86031813
59.1150088946
61.1897174095
61.0189164036
61.3665000289
61.3523046089
60.8672079774
61.175139804
84.5520110374
59.3020762552
61.1644213014
60.9872307623
60.8353489691
112.507810447
53.2731338672
54.2594208349
54.4990378738
54.4536872564
54.6654642165
54.413160065
54.4443037175
54.3287445211
54.5205379353
54.4185245672
53.9138414129
54.3674413844
54.8768087063
54.3805173528
53.8560047921
54.9004891198
54.4838802256
340.412524762
332.946697498
326.365593588
330.543990915
331.737306811
324.096477689
331.347760463
320.008152222
55.4762609101
291.183438579
277.954869569
415.659060843
424.467577755
290.50766086
303.376110799
288.7345946
288.754428382
289.988816759
296.105770297
301.497538227
292.406619813
292.348760074
292.665956484
289.343207686
308.315794997
333.510854218
279.150888241
368.356027661
279.695312994
655.189525818
277.238313766
651.079278547
267.494349811
272.456886897
651.895307028
277.313586206
269.27813665
288.809971131
279.892610475
283.346890632
274.066235249
278.052484166
656.828192914
337.209609373
273.283963097
296.859997964
652.435495188
743.303770626
303.344711073
359.443533252
335.24986735
324.05725255
333.140817129
335.97248357
327.781180514
133.996613209
119.64294356
111.196537247
99.5656993141
89.4862814562
83.1355125365
74.8117413976
69.4785002845
65.5453933734
64.3028022241
281.221977432
52.4163884157
63.3569737249
64.1669972866
63.5394242065
61.5333792782
61.1742800639
59.4889989254
60.6037974237
61.8290792795
63.0115370177
57.3662173936
736.861700602
736.908444144
737.755225879
301.950590843
121.345342882
232.325275148
245.379669195
247.236686754
247.964168438
246.335867108
66.794911084
245.666420328
243.803729297
499.19248787
246.290470721
263.292588205
495.189921032
246.584080613
274.24974969
281.382342186
60.6562658488
589.380335392
281.238543918
59.4037645519
295.823876261
279.605346875
274.724006562
274.213815707
283.341402457
276.359368276
74.0682206158
65.1780586112
296.019120741
292.916827884
293.783105452
82.3126925525
294.385400792
81.7086804885
82.1207082313
272.541535141
242.14021523
55.3178440684
240.351811108
412.557589823
413.025623891
406.625344489
75.955920221
495.836936735
233.342341649
500.696832069
743.874561253
73.0714738278
54.8106069489
741.35755837
59.4687753369
266.470411961
59.7492103542
253.259633182
266.757059817
592.657072537
580.270285062
587.015814893
62.3710079106
82.3604943312
81.5470032518
82.2190527385
496.399977903
84.4107757156
739.212864242
735.883942012
251.183258745
1092.42367118
55.1866806866
1099.09885034
1104.41544435
1110.97001814
109.27848996
659.236241599
831.965371787
111.890530732
63.483633328
53.3961417302
284.046434524
269.011328559
275.310258189
275.646651454
282.903607924
294.506148393
268.013293022
246.33177817
253.408853913
238.803049168
213.174315918
63.2195986425
219.637784616
217.564186362
104.650716963
99.9396903063
656.368429784
224.070609971
332.090599802
662.044274492
657.903404807
79.2414974127
249.605833518
241.139820027
261.659454521
281.265881409
274.107559758
278.480754201
280.384014414
275.694177157
69.6301376182
70.9261198996
49.3151032037
91.8044105528
92.2293410722
91.8326933605
92.2791965166
92.4911990149
92.5895950502
91.3185262625
91.9830199775
92.0308191507
69.8357065827
185.348868387
185.973491328
187.401296804
182.210432824
660.831999397
93.2238621357
182.288858912
655.125749943
185.813031415
651.946320617
63.495672211
69.0717190629
68.4719756173
69.0817133372
71.0179016807
64.3419822636
366.709336831
553.574180905
438.02426778
369.934555351
63.1579393077
92.1953512889
92.1862847459
92.6091663113
91.8020832328
650.002624299
77.6603441116
462.959162084
480.650763836
553.26214374
326.184259937
45.5567511913
64.3265789095
62.7519427906
61.0031834798
59.0016243171
59.483743444
60.8790480287
62.4796737184
63.7537411947
63.1009423794
55.9345037045
299.158441298
294.901562105
376.132694961
366.412048191
52.0405853126
497.366911767
245.983408214
247.886972846
247.039134405
75.1093967225
95.8087559224
92.5449175374
91.6726849096
497.696690135
251.554583267
279.936234678
560.206175131
555.869268511
252.166198713
267.244270899
48.4123261865
62.7266510247
59.5863544074
553.251960652
550.118146394
74.3611769925
77.6469703794
278.305349572
276.986493624
295.619346826
65.8782925678
292.204002618
297.730175566
81.9785496683
82.0390881683
599.954454045
82.4671147824
1663.97080487
755.116864285
82.5906466601
87.5464094878
57.9181524329
414.929947797
415.025839723
416.474073548
244.368978618
83.5453980161
85.27732002
94.7251900038
239.204708467
240.86147892
57.4750213264
246.019810905
243.306895967
739.014808252
216.464957317
273.54562349
279.230463173
274.911163859
278.735678041
257.502022307
323.048758485
584.476270271
585.921817153
299.476126552
215.594274602
294.864020907
82.4868568094
82.6130738442
82.9418334888
81.9281008589
73.3508379573
53.1346979104
216.027361539
57.7482145095
53.5020817496
59.9318576967
276.622466517
277.813754772
277.75962406
277.363959319
265.614978428
70.769202003
556.317674249
275.840470086
264.769181442
274.455888974
86.506804183
112.950850073
250.694558047
243.957052037
203.390124495
196.786538724
47.3827432547
215.944923497
223.626183408
221.705186599
218.850122099
213.792425001
664.406625923
219.534708914
330.778656937
328.321615448
65.8314282689
243.467107329
248.629084849
271.27561796
277.304836728
282.707604869
276.247390553
63.0028795238
65.9579901569
68.3336848678
75.6551211511
81.1532120568
92.5939668926
91.9465783319
218.708803162
195.885468041
183.308898637
184.609002533
186.497615665
185.681105599
185.263987706
53.7261427028
182.416221693
186.295642997
184.93210656
181.465608497
83.8533542756
90.2988904987
187.505671509
185.114701468
186.167624518
68.7612750442
66.692712669
70.3221655663
69.3807130685
70.0255861815
89.7848823031
71.8155454579
287.103398051
323.119602387
846.35569335
88.0559186308
54.8095962704
111.088613826
99.1457268052
87.9644119331
82.2212017281
548.080226586
196.105911159
322.714104444
61.4482970488
263.85583647
65.2373907096
648.605646532
657.51785241
661.333874227
667.764595713
664.873558729
725.931858386
738.711905346
733.792117428
737.523312848
740.372687839
740.652912248
737.184246338
737.963476555
739.857227498
741.408290877
742.80467169
739.827798918
737.956490861
737.878582371
741.313335018
57.6029658706
737.416755511
104.416909433
115.198436999
360.112933371
63.1300191768
667.326729049
296.054461825
310.322227402
311.000000000
320.401283485
72.213501608
710.209553716
737.844131068
742.927914835
717.182639842
