[0, 1838.4358527613065]
[1, 1477.1315289711094]
[2, 1471.736850850619]
[3, 1486.2115686176464]
[4, 1464.7343919220236]
[5, 1464.2697052551293]
[6, 1430.1066045517516]
[7, 1747.4749393300647]
[8, 623.40997279433338]
[9, 1849.5444576117843]
[10, 775.61594430552771]
[11, 642.91278955918983]
[12, 1483.905974089849]
[13, 1473.2629520808393]
[14, 1353.1730092744015]
[15, 1484.4856929402304]
[16, 1478.5750500860122]
[17, 1479.8030328718294]
[18, 1493.4715166080493]
[19, 957.9135787480418]
[20, 582.30009019009162]
[21, 391.12532251547464]
[22, 197.40449008380071]
[23, 200.57884602325791]
[24, 190.22638775388063]
[25, 199.4120929028945]
[26, 308.18752172147816]
[27, 292.02206330725431]
[28, 292.56603428544975]
[29, 1549.0425659549423]
[30, 1489.2914397144041]
[31, 1482.6235402196733]
[32, 1494.9633667881153]
[33, 1479.5568333302399]
[34, 1483.006067323023]
[35, 1483.0804306179728]
[36, 1484.8612386810407]
[37, 1483.2241879962057]
[38, 1493.0273773833935]
[39, 1484.2040788507747]
[40, 1475.378304590002]
[41, 262.82229325510406]
[42, 261.63143736111158]
[43, 263.04824544214614]
[44, 1477.6160461349273]
[45, 1484.0832135262508]
[46, 601.16917939258951]
[47, 188.86190549875201]
[48, 1481.9621529166045]
[49, 1668.0969884612748]
[50, 1319.1445397756945]
[51, 1648.8467894340749]
[52, 1646.9230178614132]
[53, 1636.5271626115532]
[54, 1326.8530996061884]
[55, 1318.2964957952247]
[56, 662.68608686426774]
[57, 1320.9407545494942]
[58, 1318.3336048028068]
[59, 1411.3731897805924]
[60, 1979.9676800598634]
[61, 624.75880608424598]
[62, 1616.5228199164455]
[63, 1320.1223862134918]
[64, 1404.5372412457471]
[65, 1764.1107637527809]
[66, 1429.314303412657]
[67, 1502.1974506652364]
[68, 909.71952496153369]
[69, 1515.2831940977812]
[70, 1377.0062274117802]
[71, 5346.3259945909103]
[72, 1923.4082814920055]
[73, 2010.4958711285626]
[74, 1977.2407243810649]
[75, 2499.34892657922]
[76, 5367.0211772802131]
[77, 1737.486083381883]
[78, 5275.5627211183073]
[79, 2966.7623979479167]
[80, 1948.935797850351]
[81, 1419.1661616968347]
[82, 594.35300687118786]
[83, 1563.9138187233675]
[84, 1574.8811927818697]
[85, 1568.2696913673506]
[86, 1509.4900629284496]
[87, 801.28618688114807]
[88, 1180.4201712494514]
[89, 1184.0062341577736]
[90, 1461.2776187809388]
[91, 794.52052647446033]
[92, 1466.6371306860067]
[93, 1487.1089926263885]
[94, 1476.4036298052342]
[95, 1738.0277913645873]
[96, 2480.9033316140503]
[97, 2325.9026632322903]
[98, 2510.4169632787716]
[99, 286.71714774943183]
[100, 491.57171251061567]
[101, 2598.8503643278696]
[102, 318.72808239262724]
[103, 1472.4511985607078]
[104, 1480.3530623033096]
[105, 1482.6851715587459]
[106, 1697.6261290604684]
[107, 1366.4803199191306]
[108, 1249.7325735298202]
[109, 1033.0024675156153]
[110, 1166.3732602202012]
[111, 1436.401268036173]
[112, 1581.2968974160622]
[113, 1459.7618110936417]
[114, 1537.0695003212886]
[115, 1744.3277796473988]
[116, 1737.5054458512725]
[117, 1619.6867747239307]
[118, 1505.8186899026271]
[119, 1726.7636210694993]
[120, 1714.7773003022364]
[121, 1738.9650048329345]
[122, 2455.9278808251065]
[123, 2480.3165279406235]
[124, 2596.0928850120945]
[125, 2781.7065704846332]
[126, 608.63220884381633]
[127, 5458.8291729378134]
[128, 2509.9642632683858]
[129, 492.70510874910428]
[130, 5452.4473584700327]
[131, 1432.6944642723097]
[132, 7688.0489552501922]
[133, 5442.5118351896572]
[134, 1711.4018984245206]
[135, 1531.8581686819307]
[136, 1476.8689781663863]
[137, 1482.7865051729491]
[138, 1483.6324453519157]
[139, 1464.5901183611388]
[140, 1479.2267394661453]
[141, 1468.1308123930639]
[142, 2393.8105374026468]
[143, 2503.7377657594711]
[144, 2316.938314795736]
[145, 1736.9100364331498]
[146, 1738.217867649576]
[147, 1483.0534372162424]
[148, 1459.4770407323174]
[149, 1469.8613628097939]
[150, 1479.6544894989147]
[151, 1477.5169691404112]
[152, 1463.5903682960195]
[153, 1458.7741836843854]
[154, 1474.0597279379774]
[155, 1497.5597806367805]
[156, 1650.0790722158283]
[157, 1319.7890603187352]
[158, 1648.6523271792773]
[159, 1643.781270961744]
[160, 2362.106149828935]
[161, 1708.8920279696663]
[162, 623.87800068720105]
[163, 999.3669238068635]
[164, 993.13708782255924]
[165, 1296.8093097873293]
[166, 1396.896110622132]
[167, 490.3395409649799]
[168, 487.43376694864401]
[169, 8296.0163268819142]
[170, 8359.3209590834686]
[171, 8501.2309182232966]
[172, 1464.6438768187236]
[173, 474.44963391560719]
[174, 1999.3606757659729]
[175, 742.74365469611712]
[176, 2491.4948020274992]
[177, 2486.9359515519632]
[178, 481.96482989548156]
[179, 2495.311618049268]
[180, 1491.4553483900349]
[181, 2058.4885052721852]
[182, 2019.9158029014766]
[183, 1993.3799031723113]
[184, 1976.5092094960003]
[185, 800.95413273608779]
[186, 1808.5011243320423]
[187, 776.38546105239811]
[188, 1470.0752222147073]
[189, 1744.9073348757711]
[190, 1569.0254310094435]
[191, 1568.0835287773109]
[192, 1569.6230132633302]
[193, 787.6425870208443]
[194, 1468.519884746288]
[195, 1480.9213623060939]
[196, 1468.7560418770395]
[197, 1705.9129577820461]
[198, 1506.2159214845492]
[199, 1712.5361962500642]
[200, 1460.9016940641075]
[201, 2465.6556089235064]
[202, 2486.8991470626897]
[203, 611.54195013803599]
[204, 540.04683119000458]
[205, 482.80629413155322]
[206, 783.78661815725718]
[207, 1471.0585055092831]
[208, 301.60655335034261]
[209, 1462.3985341962327]
[210, 1485.1440736394916]
[211, 2222.8638215108504]
[212, 1487.9394668819423]
[213, 1644.7985848500391]
[214, 1690.3870908651934]
[215, 1351.2994372320738]
[216, 1737.2896599850837]
[217, 1801.5310441318641]
[218, 613.46617691335246]
[219, 1635.5302697352695]
[220, 2616.3165242882606]
[221, 592.22248840808436]
[222, 1779.7128890318643]
[223, 1772.580872724272]
[224, 8364.4769216590266]
[225, 6205.6885571731336]
[226, 2243.7713506783507]
[227, 2478.6530735081301]
[228, 1208.1333787746223]
[229, 1040.4078837541358]
[230, 607.76113607698369]
[231, 1203.1295899149623]
[232, 602.7947499728939]
[233, 596.85028265377741]
[234, 658.97666702326399]
[235, 668.09374297384716]
[236, 1546.6422253579863]
[237, 1538.9953311615245]
[238, 1746.850413982927]
[239, 1752.095616581146]
[240, 657.94829987920616]
[241, 1549.2173948575767]
[242, 1548.6842577255497]
[243, 1465.9267635862343]
[244, 656.42873626614869]
[245, 1465.8837885786154]
[246, 1339.6256671861386]
[247, 668.93506072948639]
[248, 656.41129430398473]
[249, 8474.9202245289471]
[250, 8358.4099209852357]
[251, 8467.2146079640133]
[253, 275.67941783663071]
[254, 594.87064548385297]
[255, 1373.9751823878103]
[256, 777.33060745634509]
[257, 790.63103006420704]
[258, 595.92709106201858]
[259, 599.44550318949825]
[260, 1367.5607723897872]
[261, 1369.9704725068675]
[262, 1659.3889945505884]
[263, 1641.3726334704509]
[264, 1648.7096186451652]
[265, 1649.2447289004733]
[266, 1639.7754705115321]
[267, 5535.6484553637738]
[268, 5345.2338522637474]
[269, 5272.2331824807579]
[270, 1741.008572653265]
[271, 1942.4576474687667]
[272, 8548.7007522947606]
[273, 1967.2349582426591]
[274, 1844.0475532944424]
[275, 1610.5525349523477]
[276, 780.44171088639303]
[277, 1642.1483333336346]
[278, 767.31101332737808]
[279, 1476.8220216052637]
[280, 664.49295247638099]
[281, 1648.5644046310001]
[282, 733.13523067350377]
[283, 581.84450072963273]
[284, 584.34726317632692]
[285, 1699.6733827845417]
[286, 1548.930343828109]
[287, 1834.6699817263864]
[288, 1746.3057137969784]
[289, 604.81691413564829]
[290, 1429.3923690891202]
[291, 359.7404741723347]
[292, 5088.1908644059076]
[293, 4971.5645553313434]
[294, 1599.2831724764776]
[295, 1060.4828679558434]
[296, 1554.0334891600464]
[297, 1539.4568714569837]
[298, 1563.7501416938721]
[299, 1430.8396492331638]
[300, 1749.1283745212793]
[301, 2055.4098225543617]
[302, 1923.6610009557803]
[303, 1981.6784442814705]
[304, 1706.4233127749151]
[305, 1569.6488442805717]
[306, 1400.8633728890125]
[307, 1970.0866820937101]
[308, 2229.3951344292554]
[309, 2502.8006726385852]
[310, 2577.8908841678822]
[311, 2626.5055760483201]
[312, 490.44223346388111]
[313, 2419.8524886776131]
[314, 611.94382171695645]
[315, 8458.8116292838986]
[316, 1470.8589344359355]
[317, 1480.7483970545372]
[318, 1480.5595794673873]
[319, 1485.8697861635969]
[320, 480.13200509585613]
[321, 769.20265642556205]
[322, 1160.7906933558693]
[323, 593.97567946469542]
[324, 593.4119916318291]
[325, 590.72161704469113]
[326, 1456.3551054067502]
[327, 1777.704925697577]
[328, 1708.4960758447398]
[329, 1597.7502310773666]
[330, 8636.0965208612015]
[331, 1621.1723642750385]
[332, 502.13543292658898]
[333, 1725.9590598262323]
[334, 1970.4995016113971]
[335, 1972.0899784254098]
[336, 748.50821310029698]
[337, 790.58677334941149]
[338, 8486.3421004868615]
[339, 803.0843997304604]
[340, 2499.0453007637821]
[341, 1550.8126705553182]
[342, 2527.3025622761952]
[343, 2469.8093434569018]
[344, 747.52579963903042]
[345, 1420.7360074028923]
[346, 1399.9758414853984]
[347, 730.41708051134458]
[348, 1009.1173922331494]
[349, 1472.5224233860481]
[350, 1483.9578411849438]
[351, 1483.285626364139]
[352, 1486.1261436223813]
[353, 1470.2664499101979]
[354, 1776.5764625857507]
[355, 1461.0526311384654]
[356, 1755.4399721367649]
[357, 2651.7480052808801]
[358, 584.1499061639945]
[359, 1783.2148073729149]
[360, 600.71434350089464]
[361, 1472.1735208815296]
[362, 1469.4851621156629]
[363, 1468.1373182122181]
[364, 1159.6558042885958]
[365, 586.77592090041196]
[366, 587.58205096197867]
[367, 1184.8310370424094]
[368, 1487.0162146213113]
[369, 1652.0473134820452]
[370, 1320.5310120239465]
[371, 1648.4627562286867]
[372, 1644.882345079295]
[373, 5429.083906332834]
[374, 1475.3234838813451]
[375, 1220.1451740112045]
[376, 661.45111178146851]
[377, 660.87797753041184]
[378, 1331.9229809801177]
[379, 1432.1427405042441]
[380, 498.19277565503637]
[381, 660.32769638917]
[382, 8294.0893362130391]
[383, 5444.3224609546332]
[384, 5392.9294650368456]
[385, 8361.1342426944757]
[386, 5457.9093222207139]
[387, 617.94613953902399]
[388, 740.02709963226062]
[389, 744.17769051771972]
[390, 484.5125605953553]
[391, 487.57514923609574]
[392, 2204.0332548367505]
[393, 656.33793362131075]
[394, 5467.0419648500592]
[395, 2502.2760643968422]
[396, 745.47467262816872]
[397, 1937.479826601623]
[398, 8925.3720368350696]
[399, 8880.7498145797654]
[400, 499.27844048815922]
[401, 470.21284440041046]
[402, 2480.3806304107302]
[403, 1568.0942775679969]
[404, 1569.8153185133797]
[405, 1567.5243888748]
[406, 790.40086373715155]
[407, 1781.0363031204015]
[408, 2367.1335189682013]
[409, 295.68751902566953]
[410, 593.16443561276139]
[411, 2409.6290321992492]
[412, 1491.0839051438013]
[413, 1472.7294413487314]
[414, 745.96445960293283]
[415, 982.97818451468936]
[416, 1075.9273631559481]
[417, 1322.7497965517266]
[418, 791.0888580424687]
[419, 1470.6347274423399]
[420, 1040.192043393251]
[421, 578.75131699610984]
[422, 1485.3706294648566]
[423, 1484.0474788116944]
[424, 1482.4391956663992]
[425, 2184.8572228244016]
[426, 1718.3123777951066]
[427, 5260.726863342421]
[428, 1473.4639735017879]
[429, 1593.2541408063591]
[430, 1814.6125612315304]
[431, 1844.6352742425145]
[432, 1834.2076750757903]
[433, 1874.9193455258289]
[434, 591.05836327425777]
[435, 2074.2462554360477]
[436, 2332.4649081218936]
[437, 2503.0859991039224]
[438, 2596.6273453810804]
[439, 2685.8311956354441]
[440, 1553.4468467081608]
[441, 1025.4336025691468]
[442, 1259.4957840683153]
[443, 1466.8451996462177]
[444, 1432.4165271492652]
[445, 1449.1746469272462]
[446, 1679.1285639809234]
[447, 677.95857974372655]
[448, 1531.6341850246565]
[449, 1537.7362020682317]
[450, 1531.4630673116665]
[451, 1354.027178834506]
[452, 655.41210682926499]
[453, 659.68181190780876]
[454, 1533.8667779856266]
[455, 1544.463192052081]
[456, 1469.8373532226151]
[457, 1761.0182923909642]
[458, 1466.2524224847446]
[459, 2515.5129463659237]
[460, 2483.9272699992798]
[461, 2677.7120640469216]
[462, 2403.4458282522751]
[463, 371.20256243830693]
[464, 1757.3695692870817]
[465, 1471.7896168113311]
[466, 284.00841898895334]
[467, 1339.5890869397535]
[468, 791.71647294830052]
[469, 795.80066741347491]
[470, 1056.5956013767477]
[471, 640.57170586966424]
[472, 779.91512957290195]
[473, 622.4534692511279]
[474, 1467.0065953012659]
[475, 642.65828882770472]
[476, 1632.5656610635192]
[477, 1648.9535733176415]
[478, 1648.4126439158749]
[479, 1640.179028653353]
[480, 1805.7064392193474]
[481, 1520.3568790200043]
[482, 1776.4392366104821]
[483, 5256.6270287346597]
[484, 8667.3607076932931]
[485, 1479.8391650299234]
[486, 1460.6490467944095]
[487, 1472.893935060664]
[488, 1489.1529966534263]
[489, 1417.2586247229308]
[490, 1438.9396893039807]
[491, 1420.23944168819]
[492, 1436.0028873921822]
[493, 1446.6312926537705]
[494, 1751.7081483690374]
[495, 1423.2514615940383]
[496, 2052.9086011754243]
[497, 1472.455417596047]
[498, 1511.795389211841]
[499, 613.68097816355566]
[500, 1404.3972393748227]
[501, 1428.024238457866]
[502, 1580.4900226194234]
[503, 1583.9869922020123]
[504, 1463.7989329776974]
[505, 1357.5959578309241]
[506, 1420.628630120837]
[507, 1483.756878967373]
[508, 1419.2061052583558]
[509, 1493.095035321375]
[510, 1454.8765214890102]
[511, 1556.4308086076826]
[512, 1657.5551400346687]
[513, 1460.7340650223694]
[514, 1487.2974685627089]
[515, 1459.731820862419]
[516, 1574.9570542512708]
[517, 1698.4238657436581]
[518, 1782.8618871619187]
[519, 1485.3121219404297]
[520, 1457.0193218591305]
[521, 1164.9052155791451]
[522, 1484.9266338736129]
[523, 1504.5851431147755]
[524, 1464.6313482754024]
[525, 1731.2594019343326]
[526, 2329.5883171528599]
[527, 2423.0821809848221]
[528, 2621.0552584325987]
[529, 1469.7076485326336]
[530, 1479.9841275957579]
[531, 1480.1389643304763]
[532, 1481.3995150621538]
[533, 1783.7784066777122]
[534, 1457.5484245089858]
[535, 586.67683479706272]
[536, 1742.9112383365543]
[537, 1467.7931228055343]
[538, 1466.0615427488606]
[539, 1469.8954257748815]
[540, 1467.6190963403669]
[541, 1445.9024771141987]
[542, 1447.3047185464259]
[543, 1435.4506992227361]
[544, 778.62718565712828]
[545, 1495.8342208960087]
[546, 1484.7248266074619]
[547, 1355.9327966367871]
[548, 1471.8514475027846]
[549, 1568.0419754500499]
[550, 1472.80276275808]
[551, 1463.6472141576917]
[552, 1409.3905947777437]
[553, 390.30071463402209]
[554, 389.00197088871522]
[555, 389.43121470168904]
[556, 389.91442783370718]
[557, 5053.2905462382305]
[558, 1910.5530478507835]
[559, 300.50769381161552]
[560, 293.93670864578746]
[561, 390.0757603720902]
[562, 1470.2042237504713]
[563, 1483.2130220364959]
[564, 1482.3231514105564]
[565, 1468.4617997777962]
[566, 1777.7659962998007]
[567, 816.92920662623658]
[568, 1646.9762028252558]
[569, 1740.9568113727726]
[570, 1784.7320948534266]
[571, 1766.5802622795359]
[572, 1759.3493363152613]
[573, 1751.2409672452131]
[574, 2012.1508625205604]
[575, 2341.8612159710165]
[576, 2385.5756799174455]
[577, 584.55006643963122]
[578, 1384.0451344647554]
[579, 1616.3881005159908]
[580, 1476.3359533623322]
[581, 1475.4490199041907]
[582, 1590.7875287433276]
[583, 2001.3380457709663]
[584, 2322.3286652922825]
[585, 1643.6080080738232]
[586, 2088.5458282319546]
[587, 1753.0797393000591]
[588, 1755.0321574306597]
[589, 1466.2862206823306]
[590, 1761.8481831051572]
[591, 1470.244570705767]
[592, 1446.8849967715043]
[593, 1460.7067629183541]
[594, 1468.2440245867099]
[595, 1591.0834248644121]
[596, 1464.8043840383129]
[597, 1485.7590038718847]
[598, 1412.5431175954864]
[599, 585.14113883918321]
[600, 586.3195067528568]
[601, 2045.923771405601]
[602, 2077.0667671225256]
[603, 1760.5908541292122]
[604, 1440.2793299806517]
[605, 1424.7346314553806]
[606, 1631.474712268033]
[607, 1436.8520373503327]
[608, 1434.294034667442]
[609, 1569.7813595811381]
[610, 1605.8885392448194]
[611, 1391.5081874506345]
[612, 1440.1421799430818]
[613, 1375.7260217007604]
[614, 1387.8099628678181]
[615, 1567.2254182968211]
[616, 1558.9052148517649]
[617, 1402.6503648820651]
[618, 1553.0903157028652]
[619, 1495.8509086802328]
[620, 1617.9226977188684]
[621, 1411.9476104810183]
[622, 1418.678303538816]
[623, 1588.9097609089185]
[624, 1349.603110615069]
[625, 1340.4034552166434]
[626, 1764.3581601169456]
[627, 1743.180243068831]
[628, 1449.1415201432533]
[629, 1529.9224049484062]
[630, 1462.8980886836066]
[631, 1435.9399466813193]
[632, 1439.0983545896588]
[633, 1156.9581405296542]
[634, 612.80819357184691]
[635, 1000.5578217984055]
[636, 663.63308527877166]
[637, 663.6229390532385]
[638, 1486.2041577352443]
[639, 1794.7144718364457]
[640, 1751.1691100354403]
[641, 1461.2651533043559]
[642, 1413.7689950811482]
[643, 1448.190513380732]
[644, 1505.6869883935221]
[645, 594.81708367875274]
[646, 1464.4994130489908]
[647, 1164.8599684174558]
[648, 1168.2284284917291]
[649, 1152.2867083594028]
[650, 1056.7110068215363]
[651, 1494.3475169409401]
[652, 1453.5440211110183]
[653, 1781.4528823373073]
[654, 1806.2755825886125]
[655, 1513.7409308787144]
[656, 1409.2594789408895]
[657, 7790.3546823175348]
[658, 8424.3153972743712]
[659, 1781.5983584149337]
[660, 1784.1338658203579]
[661, 286.57221065578449]
[662, 255.4058917524051]
[663, 5150.3764806408635]
[664, 1768.9985707796566]
[665, 2068.1726555949385]
[666, 2023.3214742093126]
[667, 8278.3546953306559]
[668, 8624.4845280437639]
[669, 1466.0799936909864]
[670, 618.09310294434442]
[671, 1719.4173775695256]
[672, 1456.4114338249772]
[673, 1458.2032503889166]
[674, 1589.8945159241662]
[675, 2048.1131975915314]
[676, 1714.084290787225]
[677, 1462.8629497692036]
[678, 598.15983978594181]
[679, 584.59294198364444]
[680, 1394.5143294248328]
[681, 1294.4802909594666]
[682, 1400.0869078340572]
[683, 1462.8429537322088]
[684, 1489.5408332107143]
[685, 1484.8856579112444]
[686, 1533.7245521777525]
[687, 1661.2476395377505]
[688, 1648.9246168790255]
[689, 1646.9683508815281]
[690, 1654.1885602896011]
[691, 1644.636277159444]
[692, 1950.9853791365992]
[693, 741.75818873306764]
[694, 702.61779275444405]
[695, 2378.1218381980975]
[696, 736.48108619074367]
[697, 365.20964895752144]
[698, 2443.1575627550219]
[699, 1387.9657407726493]
[700, 1498.785964472037]
[701, 1466.7701221704863]
[702, 1470.3078205850175]
[703, 1464.2783523539792]
[704, 1499.23967634425]
[705, 1711.6058201505555]
[706, 1445.7310913580416]
[707, 1500.1213323415309]
[708, 1458.5198032522412]
[709, 2077.0653603404135]
[710, 1719.6888710555836]
[711, 1397.4986246714527]
[712, 1457.671596060879]
[713, 1367.6374959101724]
[714, 1427.4623576104482]
[715, 1582.3703489980712]
[716, 791.2890470170048]
[717, 1525.2781931596305]
[718, 1473.1748495701956]
[719, 1438.111525434846]
[720, 1506.8249725172072]
[721, 1430.2649998199931]
[722, 1392.7741242382613]
[723, 1554.6219295743153]
[724, 1564.1918262156805]
[725, 1546.9696922032806]
[726, 1786.4087787494118]
[727, 1461.9196712527885]
[728, 1438.1352948341998]
[729, 1728.1641613472357]
[730, 1484.4646143620637]
[731, 1739.0991245105777]
[732, 1466.6917149029944]
[733, 1479.0802293684289]
[734, 578.98752792457037]
[735, 1539.7241701039877]
[736, 1521.7357643825962]
[737, 287.1422240474941]
[738, 286.94222686960183]
[739, 2421.7050133366024]
[740, 2423.3031747428481]
[741, 2620.744155296195]
[742, 2646.3922979617505]
[743, 1479.9165449391055]
[744, 1478.7946125876776]
[745, 1874.2276081112063]
[746, 1462.1061160305294]
[747, 1448.4018217996709]
[748, 1406.5834974167221]
[749, 1623.0379243536288]
[750, 1536.7763868413417]
[751, 1491.9202873745191]
[752, 1465.4236488654965]
[753, 1454.7310161058099]
[754, 1452.6387882057811]
[755, 1453.6924330998356]
[756, 1452.7364717517285]
[757, 1447.6981279515248]
[758, 1435.448919855068]
[759, 1402.0230123640906]
[760, 1573.4681882456443]
[761, 1520.1933988853705]
[762, 1472.8794755909128]
[763, 1472.3410309601095]
[764, 1481.2486155929885]
[765, 1391.1635942046075]
[766, 1432.7909187521964]
[767, 1580.9974390981617]
[768, 1484.5295922616031]
[769, 1351.4179932548343]
[770, 755.80157558005237]
[771, 1886.878927741421]
[772, 295.90901885546526]
[773, 294.57104759884879]
[774, 5374.4418950697063]
[775, 1557.6765324185869]
[776, 1485.6504849026255]
[777, 1482.8596719132404]
[778, 1491.2244233493934]
[779, 1782.8890487615774]
[780, 1744.4238308475294]
[781, 1455.9332316236384]
[782, 1804.9383456778571]
[783, 1427.8419438725966]
[784, 5374.6435501573978]
[785, 1787.8445054216388]
[786, 565.19722913738167]
[787, 1432.5175170875564]
[788, 1521.093500841783]
[789, 1518.7344097256398]
[790, 1715.0736340677122]
[791, 2041.5310541912938]
[792, 1749.9839189357394]
[793, 1445.583409825387]
[794, 605.051783534332]
[795, 1317.3843087829543]
[796, 1326.5719384580332]
[797, 1670.1915089970596]
[798, 1647.3827935300039]
[799, 1743.6980307869121]
[800, 1473.5362784139711]
[801, 584.05978075044186]
[802, 578.81336777395018]
[803, 582.1516651809693]
[804, 1454.1999034399669]
[805, 1473.1488785891231]
[806, 605.01518049714298]
[807, 1463.7704984745178]
[808, 1438.9956020753184]
[809, 600.04513656618553]
[810, 602.39153592986725]
[811, 1439.7348389671617]
[812, 589.91743874601195]
[813, 1439.0420328434493]
[814, 1308.1575639300788]
[815, 1301.3700446009411]
[816, 1259.1398999024329]
[817, 1568.0353979823658]
[818, 1457.9567934698093]
[819, 1482.4194052916789]
[820, 1533.5255656579786]
[821, 1481.5367026911463]
[822, 1323.6586202406907]
[823, 1513.6483751111325]
[824, 1497.9649195074737]
[825, 1500.0084463638009]
[826, 1469.8977696769202]
[827, 5081.4625485526885]
[828, 8286.1966211290055]
[829, 1567.4041901958021]
[830, 1574.0871306010899]
[831, 1567.2178281769413]
[832, 1480.3068962690509]
[833, 1446.3426534994778]
[834, 1808.5913058577516]
[835, 2057.4117313449901]
[836, 1788.5538268887165]
[837, 1767.8325481836146]
[838, 487.35020726378104]
[839, 609.13405240606846]
[840, 1448.594440822651]
[841, 599.97798380790061]
[842, 588.69442860521337]
[843, 5398.1778345304265]
[844, 8603.242689622597]
[845, 1464.8084499008323]
[846, 1471.4934947736426]
[847, 1451.831358927162]
[848, 1734.5103664668161]
[849, 1455.2368218286695]
[850, 1481.4284030585172]
[851, 1564.0786090385889]
[852, 1825.3265215507565]
[853, 1579.7132736643734]
[854, 1514.4430842231964]
[855, 1498.1242237553986]
[856, 1567.9014448105015]
[857, 1568.1374951368641]
[858, 1311.823192470102]
[859, 1662.1686288047713]
[860, 1736.4635634979975]