[0, 658.09137532767102]
[1, 657.08184233770987]
[2, 658.22128343387305]
[3, 657.15160735718928]
[4, 658.22712540594569]
[5, 657.0456335883523]
[6, 656.73309268331877]
[7, 1636.6959549954213]
[8, 550.75257860581769]
[9, 552.43720843499113]
[10, 553.20385626109373]
[11, 552.7532093767187]
[12, 552.27206617687114]
[13, 552.70772784538292]
[14, 549.62743787078409]
[15, 550.09516980352782]
[16, 547.20949842354105]
[17, 547.97443883576818]
[18, 546.93903516759519]
[19, 547.99444931093285]
[20, 547.64307554443292]
[21, 548.5526379307795]
[22, 547.46793591355413]
[23, 545.40834253893786]
[24, 2414.4373426906241]
[25, 651.73674169357855]
[26, 652.28838583305424]
[27, 650.20764937446927]
[28, 651.1884670474941]
[29, 651.32479917728006]
[30, 651.21906179113716]
[31, 650.71543431462203]
[32, 652.1491106423789]
[33, 649.25559742539178]
[34, 1513.6587006254301]
[35, 551.56683549123079]
[36, 552.42853691425387]
[37, 553.25758992927661]
[38, 552.55186571758998]
[39, 552.49376609180342]
[40, 552.50418877957998]
[41, 614.82022849229975]
[42, 615.95486216351856]
[43, 613.96677504129195]
[44, 614.06661396236836]
[45, 613.63566414263448]
[46, 614.61218540508867]
[47, 614.62570585541425]
[48, 613.08366955374049]
[49, 615.76368482117698]
[50, 616.53100222641831]
[51, 1437.3705041706976]
[52, 550.00813249486862]
[53, 366.75263062679744]
[54, 546.46883907093388]
[55, 365.32300567835119]
[56, 547.52017412923203]
[57, 548.0821643972788]
[58, 546.77684156601254]
[59, 548.40860057904126]
[60, 545.6706479530593]
[61, 1357.3721646442241]
[62, 489.76054820953169]
[63, 492.40068250874538]
[64, 493.06244077150325]
[65, 492.43625143797306]
[66, 492.68547708104848]
[67, 493.06822172620736]
[68, 551.90813677132087]
[69, 550.87601274087444]
[70, 546.55762773588094]
[71, 548.80433518635573]
[72, 546.7299771159395]
[73, 547.71666140235868]
[74, 547.66215706815569]
[75, 549.38065719335327]
[76, 4470.2302691774494]
[77, 2242.1163034564293]
[78, 1464.0942943100929]
[79, 654.14396214537317]
[80, 657.20305987660572]
[81, 657.72409797400394]
[82, 657.61577418788499]
[83, 658.20186534796687]
[84, 657.16626205106763]
[85, 658.97647723660873]
[86, 657.12083643289736]
[87, 657.5706080649818]
[88, 552.79997709005613]
[89, 551.20348538014218]
[90, 553.78157262302375]
[91, 551.86430112675157]
[92, 552.67128126097009]
[93, 552.5323727392514]
[94, 1447.3165762112992]
[95, 549.96883483338684]
[96, 549.14176530062684]
[97, 546.39837828985515]
[98, 547.41225265291814]
[99, 547.82921647292278]
[100, 547.54225751242518]
[101, 547.03228327335648]
[102, 2502.9209871502403]
[103, 2521.663278575083]
[104, 1702.5691889164655]
[105, 1631.4661865672447]
[106, 656.44329092028602]
[107, 656.65867160299217]
[108, 656.98142347302348]
[109, 657.54207260168516]
[110, 657.70216344182916]
[111, 657.3550302049324]
[112, 657.89987355935409]
[113, 656.7313407881162]
[114, 658.54323821359594]
[115, 1651.5448190797049]
[116, 553.80067548001205]
[117, 553.79917922474408]
[118, 552.29756061900832]
[119, 553.71932046699033]
[120, 551.89150151739898]
[121, 1657.5365808932781]
[122, 549.2823983257133]
[123, 548.14542718051359]
[124, 547.1002226698871]
[125, 547.04250444220463]
[126, 547.62790146520945]
[127, 547.58058941976265]
[128, 547.09424267242662]
[129, 549.27744555260585]
[130, 1907.2033450319709]
[131, 1700.6645380549032]
[132, 658.0363704727813]
[133, 652.79189906334932]
[134, 651.06878948872554]
[135, 647.78897150036642]
[136, 650.67945022717129]
[137, 650.65461940055752]
[138, 650.60591460447688]
[139, 652.0493446199381]
[140, 651.32079512528253]
[141, 1715.2014658058729]
[142, 548.5039346661315]
[143, 553.24810461356947]
[144, 553.39174473156129]
[145, 551.96851473516608]
[146, 553.45289429924537]
[147, 552.24617855390272]
[148, 1458.2118563715794]
[149, 614.67979800616536]
[150, 615.24346860335709]
[151, 615.08624625947903]
[152, 614.6696464867731]
[153, 614.40730356565689]
[154, 613.9975297880103]
[155, 614.74106102870621]
[156, 613.52340155263971]
[157, 612.92041639281967]
[158, 1691.8109113558126]
[159, 566.40165027829175]
[160, 366.2287546821043]
[161, 366.65152445687403]
[162, 1381.3092517652881]
[163, 365.33195217924697]
[164, 365.70638786069679]
[165, 548.56953028423607]
[166, 548.00732634688825]
[167, 1774.6792772596834]
[168, 1728.7602683464379]
[169, 605.08077256418471]
[170, 367.2273484528427]
[171, 368.33573173899464]
[172, 1432.6796067868188]
[173, 369.85623742737539]
[174, 1352.5138426409694]
[175, 1483.5061236151093]
[176, 1317.0106658994832]
[177, 609.16926435588869]
[178, 646.82455868149862]
[179, 1325.7881284978398]
[180, 1331.2090667588254]
[181, 652.7321243971021]
[182, 1451.0502469097014]
[183, 1668.4729946115156]
[184, 5083.2422283199548]
[185, 1666.2448611842751]
[186, 651.61218024100663]
[187, 657.48964656507894]
[188, 657.51507696613282]
[189, 658.80669036590666]
[190, 656.70690513788554]
[191, 657.183577717768]
[192, 1435.5556970175496]
[193, 1674.5909808934953]
[194, 650.90095161443946]
[195, 1547.7315269533217]
[196, 549.70752759422521]
[197, 552.61873166281634]
[198, 552.55017630640111]
[199, 553.04557270529585]
[200, 1695.7021648374118]
[201, 1962.5316034684563]
[202, 1646.7576493280033]
[203, 551.32342872135882]
[204, 546.7206518187337]
[205, 546.17422808040124]
[206, 1668.405122428645]
[207, 547.97319076149813]
[208, 548.59040293040744]
[209, 1090.5121886243796]
[210, 1343.5675065732255]
[211, 1315.7828325412136]
[212, 1824.2916064595165]
[213, 652.31550817282175]
[214, 657.45004909337172]
[215, 657.30111980007257]
[216, 660.76862123305705]
[217, 1330.2472500728827]
[218, 657.36083776432918]
[219, 1337.9496115020766]
[220, 5065.5795282676581]
[221, 5258.428729299746]
[222, 1647.0922156517354]
[223, 1383.8760291008432]
[224, 551.2310690569924]
[225, 552.61510744503153]
[226, 1515.5263661639556]
[227, 551.82600047617564]
[228, 553.05375907152018]
[229, 1645.8973717649517]
[230, 661.59930594905643]
[231, 654.62200567152752]
[232, 656.18799723816744]
[233, 654.44337355831544]
[234, 1317.4738297460262]
[235, 1335.9408525912097]
[236, 1321.3729083723429]
[237, 1690.3954067004672]
[238, 1839.5942738934132]
[239, 1823.734536305009]
[240, 652.49904984956481]
[241, 652.866204788603]
[242, 649.53300894031963]
[243, 1510.6297039940459]
[244, 1746.6731262506523]
[245, 590.29549970956839]
[246, 1363.3887699969582]
[247, 1366.9292782795869]
[248, 1385.9140704993674]
[249, 611.99478087122816]
[250, 616.00444748290874]
[251, 545.7346908859414]
[252, 547.92329278097918]
[253, 1358.2241819882463]
[254, 612.96300522784577]
[255, 614.80052855367933]
[256, 619.23313417040526]
[257, 650.36287921677661]
[258, 660.89912521622512]
[259, 656.63850638530482]
[260, 653.32193691201223]
[261, 657.88698756790018]
[262, 658.15473306823765]
[263, 649.3570568720221]
[264, 658.46169391430772]
[265, 660.04952892576193]
[266, 1827.0396763262256]
[267, 615.33035758470442]
[268, 615.31738135917794]
[269, 613.65149118677834]
[270, 1419.4482505133237]
[271, 1459.1454385188238]
[272, 1455.7227738353777]
[273, 1409.7705329239973]
[274, 1341.526838759351]
[275, 1462.4943799963739]
[276, 1322.809027150671]
[277, 366.61772035502059]
[278, 368.70565731136747]
[279, 1461.7597443347793]
[280, 1495.471945668085]
[281, 1491.1311779569271]
[282, 1453.1544289660505]
[283, 2562.2065374173935]
[284, 2475.2490271076449]
[285, 2467.9646871697164]
[286, 677.31993153759549]
[287, 1746.9657353989251]
[288, 1714.1525990237103]
[289, 1350.8380608593179]
[290, 1406.8690260827098]
[291, 600.02612870642361]
[292, 1655.1007379317484]
[293, 1834.0647822135975]
[294, 1420.7465372195834]
[295, 1848.2339042901024]
[296, 642.89406678486182]
[297, 660.43558647545512]
[298, 659.53253076550652]
[299, 657.13981520163509]
[300, 1683.4838353386895]
[301, 618.24799072559426]
[302, 616.32959587194614]
[303, 1644.0857687778953]
[304, 275.1782580831669]
[305, 551.31238930359325]
[306, 1737.7244100964533]
[307, 552.66158896296713]
[308, 551.2936800315091]
[309, 1830.5281764087113]
[310, 567.76418258925298]
[311, 2027.9173367188191]
[312, 557.35774041891148]
[313, 548.4658665646491]
[314, 2573.0050683066884]
[315, 547.40327146153982]
[316, 548.69338372569962]
[317, 1667.4104556204331]
[318, 1458.1834797909205]
[319, 1474.5994802830196]
[320, 2820.2954940156583]
[321, 650.52269840786676]
[322, 657.85313124350205]
[323, 658.07873729180903]
[324, 660.77245438542627]
[325, 1297.693624006545]
[326, 1328.2955360215653]
[327, 657.24893379456614]
[328, 659.66333648711873]
[329, 2514.1237263919438]
[330, 1634.9606705981721]
[331, 549.97962805135387]
[332, 552.52174604274853]
[333, 552.40962927958037]
[334, 552.94293290827591]
[335, 552.75994028798061]
[336, 554.02259601769526]
[337, 650.82414774330471]
[338, 1304.6028622878011]
[339, 1295.1718585836675]
[340, 1479.8141691464248]
[341, 1301.4879618645691]
[342, 548.41201599010913]
[343, 550.14041146980321]
[344, 1698.9626952080698]
[345, 1656.5257385766831]
[346, 2962.7566483878918]
[347, 1654.2448832981586]
[348, 651.96679227157097]
[349, 652.20416931782313]
[350, 652.70651264684989]
[351, 650.85393439442589]
[352, 651.82681516394996]
[353, 652.93405648726798]
[354, 1491.126592937936]
[355, 651.19944738605864]
[356, 1148.4607760763838]
[357, 1507.9882833978368]
[358, 551.07276477812627]
[359, 552.65950729657948]
[360, 552.46815002737492]
[361, 1345.5057118319135]
[362, 1097.0280675654749]
[363, 1425.8566683934018]
[364, 616.31368904542865]
[365, 615.78345050073415]
[366, 614.22356998699001]
[367, 614.03601952793633]
[368, 614.06913822026002]
[369, 614.46484527050438]
[370, 614.61981682292185]
[371, 612.75408505894052]
[372, 616.50343401926432]
[373, 2415.3715635114104]
[374, 2507.9473254217237]
[375, 549.99375928365157]
[376, 366.42651294684816]
[377, 1348.9397693377878]
[378, 1433.3043932965604]
[379, 1486.0319562253385]
[380, 1435.0311551141169]
[381, 1372.7142919641028]
[382, 1336.9457365802966]
[383, 1450.7552415519092]
[384, 609.46323272353811]
[385, 366.42802015276214]
[386, 1471.6332255075279]
[387, 1466.1326937099909]
[388, 566.00212326983376]
[389, 1485.1725233607576]
[390, 1449.901722722484]
[391, 546.75087488594056]
[392, 2612.4422989940599]
[393, 559.91854540943223]
[394, 550.98197113481365]
[395, 1272.9997506853883]
[396, 1031.4334211902512]
[397, 1022.3960730505975]
[398, 1708.8989689065411]
[399, 1397.6603547414386]
[400, 1522.082728325395]
[401, 1486.809218624491]
[402, 1470.9955435623203]
[403, 627.52283856207873]
[404, 650.50747905385902]
[405, 657.99567170773139]
[406, 658.75878139745794]
[407, 661.12464141854116]
[408, 608.5719079375001]
[409, 646.95069513064141]
[410, 1355.3982837217957]
[411, 686.29299760823108]
[412, 626.79133236249186]
[413, 1047.651486804416]
[414, 1430.0872097222211]
[415, 5015.8997848108529]
[416, 5361.4371907956292]
[417, 1444.9874351313215]
[418, 2734.53746110666]
[419, 2549.9656121331386]
[420, 546.1124966911766]
[421, 2604.8981506182031]
[422, 2512.0958686180902]
[423, 1638.1603830370877]
[424, 2473.7938318713791]
[425, 2665.0394319592779]
[426, 2518.0529027776824]
[427, 1701.983666493401]
[428, 1629.9942805841526]
[429, 649.60785554548227]
[430, 631.18314408260721]
[431, 656.55515563213908]
[432, 658.34104153529722]
[433, 658.17590699899085]
[434, 658.07722612235796]
[435, 648.76874065090306]
[436, 2684.4983800194968]
[437, 2436.2433939366128]
[438, 2504.8246217512428]
[439, 2696.4357653019488]
[440, 2659.3341900090477]
[441, 626.42804489495677]
[442, 615.31719322638889]
[443, 2985.1675086390001]
[444, 2452.3137168664275]
[445, 1420.0788655946485]
[446, 1494.5541142430727]
[447, 545.9470798660841]
[448, 4910.5291415328184]
[449, 548.12028002964576]
[450, 1486.2558212613844]
[451, 2627.5361205916079]
[452, 2431.861442554306]
[453, 2510.4345800664555]
[454, 623.15848724166187]
[455, 1441.5908418293398]
[456, 639.35441244217748]
[457, 653.82872450986429]
[458, 645.37720362639004]
[459, 2621.7911967853688]
[460, 2634.1097324449715]
[461, 647.38663823187983]
[462, 1838.9292066615262]
[463, 1870.6265244875453]
[464, 1716.5888537667713]
[465, 549.12059558857766]
[466, 550.73028743301541]
[467, 546.75746845372532]
[468, 2609.1319558901132]
[469, 1733.638107175655]
[470, 1490.3549932961762]
[471, 1540.6960805490357]
[472, 1447.7875743916861]
[473, 1437.9756889821749]
[474, 1432.7918962064666]
[475, 1452.3337743937773]
[476, 1457.1391514755016]
[477, 1451.9617164998149]
[478, 1460.5095334976838]
[479, 1455.9202644487407]
[480, 1657.8557410891262]
[481, 1678.1847781249744]
[482, 623.26290218197971]
[483, 617.16584558696286]
[484, 614.03050195020546]
[485, 1740.0679384732223]
[486, 1645.5746166737235]
[487, 1581.002662800357]
[488, 1360.2883996696091]
[489, 1298.4973100491504]
[490, 1326.546366310946]
[491, 2585.4681900876649]
[492, 368.20077766960372]
[493, 366.16273862216428]
[494, 2429.4942347426104]
[495, 1498.5889201621371]
[496, 1651.7099542217429]
[497, 1680.4330444336542]
[498, 1872.9117471329012]
[499, 1798.6721974038619]
[500, 1766.7616554763497]
[501, 1856.7143238083709]
[502, 1933.5471426408326]
[503, 1827.651355136253]
[504, 1673.1679575045723]
[505, 1750.210040003682]
[506, 5045.585899073626]
[507, 5106.7449188434257]
[508, 1663.5261349703078]
[509, 653.48646718378484]
[510, 657.18907798628834]
[511, 656.71256630666392]
[512, 658.72156115767552]
[513, 657.40249651425142]
[514, 657.36247392282007]
[515, 660.18554788845165]
[516, 1410.428970489108]
[517, 656.43132499024193]
[518, 1702.4805791924312]
[519, 1480.0692139569774]
[520, 1663.4755645343391]
[521, 1443.1888758896812]
[522, 1439.2443129600765]
[523, 1466.7133576789472]
[524, 1439.6917097118387]
[525, 1649.8470510680907]
[526, 1682.2558826946854]
[527, 1659.2463460046315]
[528, 1478.9630991239267]
[529, 1475.9431762647862]
[530, 2953.6816482938525]
[531, 1489.7400247549253]
[532, 1891.4911899097642]
[533, 1696.5192094842612]
[534, 1675.5359837002686]
[535, 2581.4468959770707]
[536, 653.3798499729312]
[537, 657.58870770729015]
[538, 657.38146368376954]
[539, 656.82584542311804]
[540, 657.60046674865964]
[541, 657.43359474948898]
[542, 1145.0326274937759]
[543, 1109.3361125090264]
[544, 1102.7625441566868]
[545, 1654.4517059333198]
[546, 549.22399305309955]
[547, 550.87944478836255]
[548, 553.01702940977373]
[549, 1678.1118088248029]
[550, 1694.9409829288213]
[551, 1695.4091467982601]
[552, 636.06231813210184]
[553, 554.19152277070089]
[554, 1653.6221714134608]
[555, 2426.4663271501536]
[556, 2419.6148164161559]
[557, 1664.6471827584107]
[558, 1667.471868758651]
[559, 1681.9148773586639]
[560, 2397.7289391441795]
[561, 5060.6083071574194]
[562, 1662.6920347702082]
[563, 652.75357370920779]
[564, 653.16952834003177]
[565, 649.76997820486781]
[566, 606.63333981065364]
[567, 732.24145175477918]
[568, 1325.0167341921567]
[569, 1492.458088175073]
[570, 652.44263292269375]
[571, 650.37639463456753]
[572, 1822.7219458682007]
[573, 549.64833317315708]
[574, 551.91255527103465]
[575, 552.99159091321349]
[576, 1654.2166228819244]
[577, 1665.2888755311835]
[578, 1662.5759701885713]
[579, 618.59940519874237]
[580, 616.16368321822597]
[581, 614.35896260782283]
[582, 614.6973772548223]
[583, 614.38482155847191]
[584, 615.52037918735402]
[585, 613.93617902284439]
[586, 1540.9291352960543]
[587, 1351.8387664854129]
[588, 619.87885574919255]
[589, 1827.1516547347646]
[590, 549.16672550679493]
[591, 367.14862485853337]
[592, 366.36090540628851]
[593, 2008.5202289020165]
[594, 2474.3708467142242]
[595, 2377.9511734092566]
[596, 2624.6535145288117]
[597, 2558.5651806894648]
[598, 1523.5692742190417]
[599, 1373.6937420181234]
[600, 1478.9389593216404]
[601, 1695.0262999503047]
[602, 2518.2583835426767]
[603, 369.57396409504605]
[604, 494.66498685200628]
[605, 1487.5087432021462]
[606, 662.36158632271156]
[607, 1630.0006406804735]
[608, 1520.7055031068544]
[609, 1387.3216006177163]
[610, 2379.1286094569923]
[611, 1282.7017777533258]
[612, 2445.1605439870586]
[613, 2697.8826690603423]
[614, 2484.9043261914439]
[615, 2489.0797106864238]
[616, 1829.6123002631919]
[617, 653.47820169844647]
[618, 658.78010455181982]
[619, 656.73261772366993]
[620, 655.64996450183753]
[621, 661.9786092971849]
[622, 959.19547880996549]
[623, 840.63155749304485]
[624, 2512.1556157686146]
[625, 836.66686651658563]
[626, 1542.7455117560805]
[627, 2483.2692004974924]
[628, 607.69200728269482]
[629, 611.37835022902379]
[630, 631.68269463681406]
[631, 616.19839451788164]
[632, 1726.3329318123544]
[633, 640.58774387783876]
[634, 546.87306000807644]
[635, 1503.1951790268149]
[636, 549.35610271227347]
[637, 546.24263428543418]
[638, 5210.0366915589802]
[639, 5320.0807879061131]
[640, 1635.7424378434678]
[641, 1461.2421149018805]
[642, 589.66548320979996]
[643, 631.94032756345666]
[644, 653.72216781229793]
[645, 658.6396441802666]
[646, 657.90123993366001]
[647, 1323.7314269791011]
[648, 1314.3415648963169]
[649, 691.60877592145255]
[650, 1315.6030562856074]
[651, 553.35686550166156]
[652, 1309.6058871066232]
[653, 1645.5052187085194]
[654, 551.54912011834381]
[655, 551.8479164717653]
[656, 552.00886661681602]
[657, 552.58279596334989]
[658, 552.47492703400599]
[659, 552.86512012874084]
[660, 548.71968694174541]
[661, 2521.4716144861527]
[662, 2616.3347536605461]
[663, 1363.5362058072769]
[664, 1488.3697039454864]
[665, 1305.1563889625399]
[666, 2558.1987788980764]
[667, 1110.3720659991995]
[668, 1101.9951989501762]
[669, 1117.234534939045]
[670, 1487.8471958202813]
[671, 652.59648970537239]
[672, 651.86656026986009]
[673, 652.61764771791024]
[674, 1686.8478220610798]
[675, 1646.7928450999532]
[676, 1491.0817015374791]
[677, 1478.9335953642094]
[678, 1690.6286672498375]
[679, 1642.0529948907206]
[680, 647.49724701812897]
[681, 2158.1511879789091]
[682, 2459.0128129133795]
[683, 2324.3721976384277]
[684, 548.31833508000364]
[685, 547.91588782981819]
[686, 1442.8820984710906]
[687, 651.83382965170199]
[688, 658.08176602895162]
[689, 658.39502879924487]
[690, 656.53673377798202]
[691, 658.23646395555647]
[692, 5240.4246516061512]
[693, 5085.2231794857207]
[694, 1364.2541040716235]
[695, 1437.6715066080396]
[696, 1481.0591363654805]
[697, 1493.2449501187755]
[698, 615.00587015063275]
[699, 615.66880690513381]
[700, 615.46865484945351]
[701, 611.39204285837275]
[702, 622.96390514226994]
[703, 612.89331751095676]
[704, 1896.0103792335633]
[705, 2011.6079833637812]
[706, 1430.4257816145434]
[707, 610.78923828101244]
[708, 1479.1881756170476]
[709, 1498.037380485599]
[710, 1637.620869744675]
[711, 1895.4879961983493]
[712, 2490.4526602228029]
[713, 1483.9019019991067]
[714, 548.29234832121904]
[715, 2387.7334723745917]
[716, 2484.1823638518836]
[717, 2531.5657287587082]
[718, 2488.2185901151479]
[719, 2481.738955891276]
[720, 547.76391208282212]
[721, 549.07233004071657]
[722, 1764.8471755124658]
[723, 1656.7193116017249]
[724, 1530.1328452474932]
[725, 654.10323649173574]
[726, 656.84080358983283]
[727, 1691.1126243398046]
[728, 1444.7301285674223]
[729, 1218.2212123214013]
[730, 1442.3212778346831]
[731, 1553.9314699278548]
[732, 1667.3835597716547]
[733, 1721.248765370897]
[734, 1661.06320104406]
[735, 1626.8742598542967]
[736, 1474.8719908412336]
[737, 1408.9588672015091]
[738, 1262.4696670184944]
[739, 552.36878196961311]
[740, 1451.4333866664256]
[741, 549.18272903908451]
[742, 563.37129657831065]
[743, 559.58343831489151]
[744, 2659.8656657609863]
[745, 1338.9978243197809]
[746, 2483.3602080079745]
[747, 2483.6878441085801]
[748, 1489.8851300306467]
[749, 1472.0575489743919]
[750, 1492.8322115535057]
[751, 1491.1355371650388]
[752, 657.36009810216501]
[753, 655.97543520748877]
[754, 656.8974462932332]
[755, 2480.5398414254578]
[756, 2329.6826846558283]
[757, 2354.5121495374779]
[758, 658.49581253097563]
[759, 656.48912662320811]
[760, 658.2063641916634]
[761, 547.25985132651977]
[762, 553.55911838234738]
[763, 553.72071836668465]
[764, 553.11501740233655]
[765, 553.6719122640568]
[766, 551.64535668638132]
[767, 1366.4352036489331]
[768, 550.37829764999867]
[769, 548.22405055343631]
[770, 2514.6548670420116]
[771, 2494.3161646085841]
[772, 2040.1453957105659]
[773, 2213.4632777879679]
[774, 2423.935466140596]
[775, 2399.1011483335592]
[776, 2480.8783936305358]
[777, 2500.8644181646391]
[778, 658.15290971229672]
[779, 652.5039732939922]
[780, 651.1031012876266]
[781, 646.24647109597333]
[782, 1793.0442121905683]
[783, 1986.4273012238939]
[784, 2278.6951566864805]
[785, 2591.6242300536414]
[786, 2414.3102120744575]
[787, 5435.8507050890503]
[788, 548.57266576532209]
[789, 2472.353775571542]
[790, 2445.9199582202195]
[791, 2378.9090013303949]
[792, 553.16695880155328]
[793, 551.62686728543008]
[794, 1467.6721347474356]
[795, 614.48346090166285]
[796, 615.20702796277055]
[797, 615.21662493727979]
[798, 614.37683286031734]
[799, 614.53945410715028]
[800, 613.80176134569467]
[801, 1311.3226254803014]
[802, 1491.5410326309566]
[803, 1621.8488815225135]
[804, 1814.0730382946929]
[805, 564.89142374300388]
[806, 366.60866613446689]
[807, 366.52334455471885]
[808, 1376.9370926632125]
[809, 2526.2386197816495]
[810, 2475.469883162611]
[811, 5145.1881354846673]
[812, 5270.7964627784013]
[813, 5259.8799533951851]
[814, 5471.5880713376091]
[815, 1893.6679015538512]
[816, 370.95486972103799]
[817, 2362.0931759246655]
[818, 371.15973157651905]
[819, 369.0480037712631]
[820, 492.57503601806894]
[821, 607.74444399477966]
[822, 560.36455141248655]
[823, 541.13476640360727]
[824, 1402.2959441145165]
[825, 552.63692137092357]
[826, 559.85450120322662]
[827, 2562.4370260767523]
[828, 556.50943732389533]
[829, 1455.4976120878937]
[830, 1840.0821081736422]
[831, 1734.8536159635644]
[832, 651.64134614400541]
[833, 656.96939473921782]
[834, 657.36067824114593]
[835, 557.86176058667979]
[836, 1806.2703917533388]
[837, 1849.4190351207151]
[838, 659.47125958022627]
[839, 5274.8071350559994]
[840, 5381.8856763026988]
[841, 1549.473445679318]
[842, 545.40046976053884]
[843, 1588.4002963341982]
[844, 1500.0183905889996]
[845, 1506.5372069455796]
[846, 552.70695927108488]
[847, 552.54597318006029]
[848, 1647.7524590640551]
[849, 558.51361600324867]
[850, 1102.7832363040166]
[851, 558.59118334357106]
[852, 547.83551436258369]
[853, 550.38591116303667]
[854, 5167.9955661618269]
[855, 5244.2997618207246]
[856, 1897.3363973163275]
[857, 1814.176765285569]
[858, 1607.2824088294924]
[859, 652.20661909413411]
[860, 658.09603014886534]