0
0
48.6054655847
0
322.392815164
40.6281106544
0
55.2336677132
0
0
49.7427451396
0
32.589175009
0
0
0
0
38.9382758864
0
0
42.4618417696
0
0
0
0
44.5061399579
0
42.5275631554
0
0
43.3364592102
0
0
205.513507132
0
124.871867351
0
0
0
0
0
0
185.470720027
181.579256311
182.857485529
182.547578764
184.08368827
545.948763986
544.640822635
438.411217863
544.93737883
0
203.808187486
183.130256926
183.824568461
182.059716578
183.646079142
182.909680269
182.864993634
437.795801982
439.131293673
0
184.698451323
183.651485888
183.064095457
181.943516658
184.119171452
183.205805119
558.749189838
217.380242412
217.899471352
218.305748801
219.456743681
217.098995488
215.716173425
217.738337087
217.001209183
217.782527135
217.003497822
654.149174514
218.188716527
217.865917882
218.228494226
218.429021414
218.739945435
218.493671229
218.624240759
218.167264756
0
216.268506487
216.785599908
217.328184269
217.549269037
216.613769832
215.817278827
213.162808723
243.50416463
243.47345654
245.035737242
243.793968646
242.060887064
242.150590841
244.333345243
245.404926774
243.197833316
242.463682376
368.527125215
366.100398816
243.943775055
246.205070698
245.75154629
546.502070305
546.71568452
547.605470171
548.274817118
548.82326073
244.311820427
244.595574119
245.023561118
243.425299222
243.346071147
243.092000831
653.543807935
97.2439544728
273.942577951
272.986331041
271.811434808
94.5480082521
273.73138516
273.359384633
85.1010725264
105.179286303
94.5640664054
280.406709401
274.514519596
274.429973669
274.984729793
275.865911144
276.693990098
277.303400814
92.8961053855
87.3830107293
238.26195656
274.735725301
274.371020537
273.492181904
273.075260758
273.161230714
274.191144473
162.898472322
92.908994859
182.364377603
184.061411863
182.759792451
546.850559253
546.401724028
174.072541368
182.371925669
104.784243007
97.7001156271
193.972580624
183.432011593
182.953982622
186.223441466
182.52633853
184.303925703
437.88051867
437.773805599
438.08182724
644.109955236
183.477523296
183.393563904
183.942962727
180.87152028
184.799126115
183.488252705
633.308800928
95.6687700342
218.148928465
217.714628861
217.818535241
94.7678100023
218.241572153
215.167158634
87.8095528307
215.856202067
95.2569254582
652.929701828
217.262793953
217.592955557
213.884256226
218.665928863
216.680624795
218.409393431
220.526139758
651.041069299
162.967224354
218.011644286
217.777302927
218.608478222
219.253335299
217.302941388
215.747094701
138.847709266
96.1554101039
95.8133840514
245.393097586
243.351664675
242.914330176
244.321491049
173.690538753
180.370433757
102.976047246
98.4814429765
366.748223642
366.170883993
245.129973388
172.565908623
244.066451842
547.217297473
547.115142176
549.206791382
546.989650418
615.092004729
244.730179162
244.135572469
244.029282146
238.689014478
244.576738507
243.024109692
223.832220027
93.8906951485
94.7088049823
651.344789377
664.034144735
95.7255266678
159.306592792
333.544112336
165.977767767
154.497632209
163.627042521
274.842922125
273.931931419
273.076961785
271.29620346
273.473153298
273.463974952
534.124720137
497.588587192
164.036479047
657.911167401
275.031503191
273.736809661
276.015221135
273.068898619
499.863500855
322.557745302
117.846128453
183.074114133
184.90322595
182.453916461
175.903520966
181.247953485
547.417265063
538.474335587
170.545836726
163.016202729
98.030843348
186.997111409
182.532795473
178.995559385
665.484632785
499.356468991
172.028372781
341.870179031
156.030165848
173.975468937
570.393594796
183.082803989
182.31209704
183.509623431
339.120300124
166.149812197
439.598314722
553.44502505
93.7402694295
217.862600556
654.371586028
653.901620373
656.346247728
492.539404299
329.972749515
500.522162318
334.073242211
96.5747483048
217.408650898
217.983065156
215.589607077
211.22013338
582.923503692
591.044424499
585.740954861
589.301583447
597.351672473
602.910688409
218.894154535
219.570067561
216.031543897
394.145305238
613.984483925
615.915094069
105.296711834
104.158390495
241.788071474
242.343404006
90.7922983667
245.708914588
240.799179335
93.2965693983
220.674419398
99.7215093782
97.7757507733
366.646266534
366.114112604
246.306156227
182.485641074
247.848701608
209.437620071
159.562290515
167.972590054
163.293271217
503.782205778
243.426655824
245.998057436
246.244140662
247.425285964
246.452760093
145.128338737
180.500507868
94.0694683578
262.458498572
223.276716525
192.05285852
191.451401415
194.360040672
609.438504746
148.59899345
131.52180174
93.20116384
275.666983551
273.827933068
277.358997776
202.987776807
275.347549281
273.521103374
631.976056992
618.399101785
619.035703151
290.489988509
274.601771281
273.671229403
273.146767866
272.882278085
273.089762866
272.797702909
100.494259661
182.814670825
181.407575835
183.121900993
365.58988524
169.09994124
151.874564445
375.124187441
365.63514827
182.86845622
189.074357125
183.097500646
183.547749979
184.369284288
178.421351228
557.224240514
588.907059517
189.884839708
658.958909536
180.900765939
200.673957486
183.849279972
183.998753592
182.649474618
184.367963051
182.77962214
181.69219658
193.827429742
96.3241075276
212.322297803
547.736155299
100.6391884
99.4195229847
210.824614697
191.576473386
183.611033199
184.771727676
555.315161358
209.496772011
213.172389814
209.759308558
218.907282179
214.67078004
219.521347908
505.38347935
491.544149477
326.96309619
228.84481775
218.470224341
218.520203267
219.343553981
557.120829813
550.299185842
420.15383981
95.1887043789
244.057339003
244.034472243
245.784544347
246.07237462
243.982172559
188.301886001
94.8044456259
176.098662402
91.6131254159
95.1795207118
366.644918533
365.193534538
240.665132491
86.8038692239
547.704175674
362.187015904
237.936312783
124.74471726
125.546597327
250.221071312
243.335536402
244.566337335
243.184187737
558.488170067
282.889864013
149.714311209
105.062293768
103.8261972
96.6465472321
93.4299373166
425.378460567
204.145470521
202.424880789
207.484980324
175.896324801
120.44423501
177.071346796
275.968004427
625.35906201
275.393988436
183.773982176
272.299809897
664.0608413
184.151368835
85.6151140305
1330.21266099
412.282286577
275.749339477
275.817697916
276.255918017
191.98920104
412.495765608
215.851767917
94.5007539844
184.822089472
183.983614582
181.263874894
211.132593995
208.929609024
211.058677825
207.160290449
192.528886
94.7389189259
93.1503985575
185.04295899
182.0118953
186.513440297
181.112840675
184.588672419
178.433345732
205.149978
210.058293173
201.691016819
186.564403405
185.113147506
186.930478155
197.963731055
199.505217559
551.486775403
186.034578885
98.9666264728
217.095431922
217.569274651
220.12137776
96.5028270193
215.677498577
362.438514346
186.846625665
193.315077376
206.894803047
674.336392568
218.236866769
214.7504347
222.033093381
380.239812277
374.678692464
177.638134641
367.977692393
369.717593555
166.14836876
217.1835226
216.972686247
217.085392949
218.503794032
579.177485759
561.45979618
193.626598909
93.752985589
93.5796592589
625.281938717
627.736299275
621.216904908
624.389728721
624.477042052
622.881568799
620.223317816
96.8369459879
619.522410152
366.446407756
239.504050645
580.046419614
186.17749214
696.223640572
609.546005215
162.19390532
327.212562471
165.557279852
245.103994623
245.096662147
246.686447309
497.682354177
670.088930518
157.655093791
165.030404633
97.5446189102
276.670770597
96.3443318159
271.543110148
93.4525539552
173.478235396
160.669234103
152.060418854
149.419893213
94.9955455412
280.174911594
273.985145408
276.021216095
276.119145111
278.088525689
277.649018649
281.903614073
99.3066567491
82.2977081314
234.226430785
275.190459432
274.216848901
273.203064913
205.682414872
272.884731073
206.765727427
175.976449525
93.7535690036
181.934230216
182.473057579
182.717635633
184.097963043
184.648103786
182.236600615
190.052418813
104.89053108
98.0860609204
186.619951672
183.949099372
183.394742769
185.013130938
181.377527993
184.437985977
392.818386743
554.645720196
539.139577776
572.878763966
183.394114853
183.573951025
184.088562223
184.192839576
192.655163811
188.051663626
191.945315808
95.3385923362
221.953579927
207.264270174
180.076367882
192.151614246
182.33093233
191.211033283
183.619571601
183.662319502
95.3408339607
437.32907423
217.188257281
217.440428319
586.086631598
730.708114441
755.266879397
185.485008009
89.6994727693
209.059919939
171.7417041
218.206217999
217.842941206
218.835568415
562.059648736
554.232452812
277.405979265
116.674318409
99.2509263242
97.4286156946
244.634462154
105.407651313
211.111716368
212.899684262
205.040018454
623.336223191
101.7419205
209.333854255
367.094129388
365.976123499
246.024894581
254.92237195
259.02608666
261.795931657
414.194591317
140.912600684
283.488683125
284.390091283
242.700840156
242.690031997
239.515142274
239.995880605
245.008459992
243.355098632
169.998636345
92.6634064561
93.5169152317
276.515258284
277.604106259
101.968436119
267.543137301
270.910455506
277.353057087
277.922573992
281.346033498
275.009982304
274.137022195
138.158890983
137.795297556
272.933627649
274.610672451
279.243657499
139.860279623
140.107463993
138.13324715
274.1264047
277.801116564
268.774105798
125.232251908
123.566069498
118.559685166
107.18182499
180.669791442
185.079503866
187.493865757
126.242265959
183.589164398
179.253814048
185.555524776
548.644774943
189.022894283
629.321759823
183.095256824
184.482252012
183.642883566
663.997421103
656.468452162
685.324267526
565.418035139
550.384171227
554.320398423
215.203697274
184.521090215
184.481159305
182.565283646
185.272022406
181.512678169
183.168743342
173.044074599
93.8121236535
218.313704192
207.438375035
192.205711401
569.077308964
547.715917736
552.049212039
88.0989132689
178.177724172
205.176348131
219.041413621
217.587202758
218.281700298
210.876045373
192.60523969
186.61509769
185.63010263
185.818678833
185.761573348
233.960884318
218.226209623
218.719734059
217.596506932
216.303711558
218.026829483
209.606642938
96.9938855684
243.075668151
245.57316317
250.97058449
245.764474343
244.947211838
124.850574509
515.818579097
324.687034682
161.946021771
168.954929794
